2,41893
1,6231
2,1274
2,20042
2,06349
1,52212
1,83927
1,67971
1,75929
1,56399
1,86604
2,13741
1,67127
1,89446
1,86434
1,72186
1,96028
1,72883
1,85983
1,82426
1,74115
1,97731
1,49173
2,28761
1,62006
1,92343
1,84435
2,06828
1,75213
1,54342
1,87506
2,1291
1,95032
2,05183
2,04164
1,92903
1,97488
1,8381
1,63851
1,63108
1,72135
1,94045
1,68617
1,61193
1,6466
1,88922
1,8706
2,0907
1,92014
2,11342
1,65611
2,01071
1,73423
1,81407
1,69737
1,63309
1,8971
1,92124
1,98198
2,09526
1,98759
1,98079
1,9529
1,64943
1,79863
1,5525
1,84519
2,20678
1,83312
1,96451
1,84595
2,07532
1,772
1,63108
2,16218
2,04655
2,0092
2,20901
1,96449
1,6864
1,81432
1,98658
2,37916
1,73041
1,60683
1,88602
2,08345
1,93435
1,74109
1,97368
2,0162
1,81011
1,82122
1,77549
1,64974
1,65717
1,93094
1,80683
1,72773
1,7747
2,00818
1,67739
1,54395
1,77984
1,83938
1,79204
1,58567
1,66503
1,71983
1,74364
1,87745
2,01487
2,04927
1,78685
1,64014
2,2327
2,02958
1,89391
1,7817
2,23299
1,67028
1,80468
1,64439
1,49969
1,9291
2,01883
1,79868
1,96467
1,87551
1,71693
1,91699
1,6585
1,85662
1,78281
1,50979
2,09929
1,74157
1,79878
1,67747
1,83044
1,69556
1,73431
1,80889
1,83508
2,05977
1,83759
2,01954
2,1612
1,5939
2,10336
1,78618
1,46739
1,95937
1,70175
1,69654
1,98378
1,79907
1,47263
1,76984
1,85467
1,77493
1,69827
1,98581
2,0335
1,93217
1,78134
1,62779
1,59286
1,72114
2,01837
1,70352
2,05389
1,69787
2,00437
1,78588
1,68014
1,77766
1,93277
1,62379
1,83383
1,81056
2,10871
1,65568
1,96148
2,02046
1,70413
2,01948
1,93386
1,79855
1,56489
2,35035
2,3056
2,03895
2,18216
2,22667
2,08474
1,80779
2,31924
1,70593
1,88271
1,96061
2,14603
2,24124
1,58579
1,66501
1,6014
1,76172
1,74485
1,93906
1,86991
1,73595
1,93346
2,08436
2,06032
1,72575
2,32635
1,7724
1,75646
2,12626
1,66969
1,96414
1,65431
1,76565
1,74652
1,95237
2,05684
1,58341
1,69081
1,35655
2,18157
1,55899
2,01528
2,35926
1,95392
1,76636
1,9846
1,85716
1,77347
2,15759
1,87022
1,71587
1,72839
1,6828
1,6382
1,90023
1,56869
1,72606
1,69063
2,31374
2,0725
1,72152
1,99827
1,6809
1,97819
1,96892
1,80221
1,89134
1,58422
2,08922
1,87141
1,57582
1,81644
2,04746
2,3113
1,86258
1,81093
1,9892
2,0337
1,61028
1,89806
2,00202
2,21862
2,1406
2,01701
1,87187
1,96527
1,5172
1,67297
1,98843
1,78789
1,93539
1,97737
1,84461
1,55194
1,60991
1,89084
1,72985
1,95895
2,15746
1,66707
2,39464
1,84279
1,99983
1,91412
1,69109
1,94744
1,83266
2,10369
1,98042
1,72664
1,9707
1,90505
1,84555
1,79929
1,59503
1,97884
2,17269
1,87907
1,76861
1,85148
2,23308
2,06942
1,71016
1,75222
1,7331
1,81125
2,02609
1,9985
2,23514
2,19261
2,11216
2,00798
2,08809
1,6142
2,07835
1,80831
1,76815
1,94603
1,63008
1,7327
2,1562
2,10134
1,85042
1,87965
1,88181
1,79542
2,11718
1,97692
1,86287
1,66106
1,88811
1,61378
1,93476
1,89282
2,07784
1,99323
2,09858
1,80175
1,96214
1,89438
1,65514
1,82394
1,89557
1,89625
1,70191
2,16097
1,77067
1,96051
1,677
1,79607
2,20661
1,64295
1,56544
1,83681
1,70305
1,68627
2,09637
1,95346
1,94322
2,19367
2,05161
1,78882
1,81724
2,0356
1,65155
1,97931
1,73284
1,83947
1,39534
1,60188
1,63604
1,93955
1,89893
1,84223
1,90795
1,882
2,26207
1,97879
1,90513
1,76246
1,77727
1,73691
2,10463
1,701
1,73459
1,84936
1,94286
1,49149
1,9247
1,7975
2,02863
1,63357
2,17027
1,83161
1,66583
2,0525
1,89703
2,18586
2,03139
1,39905
1,96293
1,79937
1,64145
1,68174
1,89742
1,9517
1,90467
2,04426
1,96151
2,0967
1,90933
1,97944
1,8678
1,88663
1,76376
2,09329
1,36167
1,90935
1,91445
1,84938
2,32313
2,01778
1,88328
1,74655
1,83943
1,87517
2,13847
1,75219
1,69544
1,44591
1,75679
1,97198
2,22925
1,65404
1,70417
2,16633
1,73707
2,17896
1,61013
1,93756
1,77119
2,04827
1,76731
1,92761
1,66961
1,86737
1,88506
2,08361
1,61495
2,14966
2,05133
1,83197
2,08895
2,07925
2,10663
2,04272
1,95198
1,90686
1,99635
1,66821
1,78797
1,85772
1,93754
2,288
1,92349
1,75983
1,76141
1,77482
2,0176
1,76843
1,85524
1,88041
1,89384
1,66096
1,7025
2,12804
1,96145
2,02279
2,01332
1,58454
1,74489
1,83783
1,88103
1,76193
1,942
1,94199
1,45898
1,91833
2,09853
2,01261
2,08781
1,82673
1,66435
1,93393
1,78448
2,05941
1,99209
1,92029
1,7526
1,70006
2,05347
1,96043
2,08145
2,0289
1,88595
1,62429
1,82852
1,57317
1,78675
1,87217
1,7162
2,00534
1,93927
1,55489
1,92527
1,59862
1,76259
1,71708
1,81709
1,71386
1,79132
1,87469
1,82004
2,14474
2,08526
1,90221
2,17143
1,56073
2,06385
1,78152
2,28838
1,74473
1,64214
2,12157
2,06014
1,67433
1,95218
2,09175
1,82301
1,90185
1,60344
1,29301
1,95626
1,86751
2,275
1,97187
2,09556
2,09759
2,20436
1,69207
1,85845
1,92691
1,77026
1,99947
1,6871
1,23528
1,60242
1,97082
1,6197
2,01655
1,94786
1,62565
1,7581
2,09379
2,0446
2,10869
1,69326
2,23326
1,92946
1,72904
1,91572
1,57119
1,82795
1,51886
1,93341
1,85427
1,95382
1,74196
1,64649
1,63845
1,74719
2,129
1,72794
1,7198
1,95923
1,74815
1,74566
1,40277
2,15559
2,15858
1,84243
1,68202
1,51384
1,8597
2,03241
2,23945
1,48472
2,07194
2,05193
2,09422
1,99166
1,65064
1,8076
2,02298
1,95261
1,84232
1,88453
1,57205
1,96552
2,08366
1,58184
1,84598
1,97907
2,02867
1,9908
1,56223
1,68299
2,0151
1,74584
1,9693
1,97756
1,65643
2,32886
1,92732
1,92181
1,57129
1,63495
2,05157
1,71428
2,08964
2,09759
2,0626
1,77211
2,11716
1,49514
2,20336
1,92427
1,63386
1,99778
2,18583
2,23206
2,17951
1,71207
1,47537
1,70037
1,60836
1,85127
1,77083
1,88884
1,59244
1,88079
1,5096
1,72325
1,66363
1,86339
1,87658
1,6388
1,96949
1,89707
1,88974
1,77343
1,8413
2,2124
2,17882
1,99182
1,645
1,63269
1,87624
1,50346
2,02707
1,81724
2,0659
2,03985
2,31608
1,95189
2,0029
1,95353
1,88098
1,94659
1,97412
1,56416
2,07768
1,71921
2,16923
1,90585
2,06119
2,01108
2,06594
1,58987
2,08223
1,87812
1,68349
1,96835
2,05521
1,64574
1,67191
1,68997
1,84219
1,68153
1,84119
1,72175
2,18604
1,89658
1,96759
1,81723
1,75389
2,0871
1,62674
1,91318
1,92672
2,13337
1,87402
2,03448
1,89985
1,97307
1,93359
2,26701
1,85188
1,71329
1,75124
1,96221
1,94752
1,84468
1,79556
1,92605
1,97341
1,64175
1,67327
1,85866
1,93981
2,05863
2,35437
1,76966
1,99026
2,00704
2,13978
2,01663
1,44132
2,02603
1,83958
1,99568
1,76045
1,94932
2,03518
1,66684
2,07508
1,52852
1,4623
1,56761
2,09964
1,83902
2,00796
1,64215
1,54641
1,89449
1,76594
1,73272
1,85253
2,03811
1,82051
2,01703
1,77842
2,02628
1,86225
1,85454
1,75844
2,09587
1,7937
1,65368
1,98262
1,84931
2,00247
1,99443
2,02332
2,01993
1,97358
1,57003
1,83343
2,03023
1,93926
1,95601
2,14853
1,84147
1,93743
1,70109
2,05699
1,66263
1,98406
1,69675
1,6005
2,04937
1,47901
1,80949
2,17837
1,89361
1,7609
1,30277
1,59319
1,91968
1,82154
1,88351
1,9176
1,62766
1,97596
1,82589
2,00007
1,84409
1,65489
1,76652
2,28872
1,8035
2,25972
1,89816
2,02262
1,78918
1,67044
1,72637
1,79962
1,60147
1,78392
1,54588
2,08848
1,6943
1,81641
2,03844
1,84446
1,99701
2,06629
1,96584
1,90002
1,96763
2,22297
1,80065
1,78432
2,02748
2,20945
1,9863
2,03734
1,50149
2,27139
1,86762
1,70421
1,82428
1,87472
1,58664
1,75797
2,2077
1,95758
1,89027
1,54126
1,79386
1,72195
1,90461
2,08088
1,91883
1,97382
1,89683
2,08068
1,88717
1,87423
2,17903
2,01842
2,04627
1,43347
1,82031
2,02104
1,92796
1,58916
2,13482
1,62818
2,1218
1,55175
1,94681
2,09475
1,98321
1,79662
1,9269
1,79801
1,90506
1,96141
1,80826
1,86635
1,67784
1,79468
1,8136
1,61422
1,49759
1,61201
1,87363
1,76011
2,38569
2,09032
1,94796
1,63724
1,82512
1,75093
1,8088
1,72654
2,07575
1,94009
1,87867
1,61223
2,28707
1,76456
1,86993
2,18423
1,84618
1,99359
1,64634
1,93429
1,71076
2,17561
1,88064
1,78184
1,51996
1,45176
1,4766
1,83438
1,78348
1,5282
1,73634
1,80035
2,00336
1,70296
1,66738
1,94778
1,52791
2,06426
1,64771
1,81167
1,85001
2,0952
1,97345
1,48605
2,01224
1,99193
1,88459
1,783
1,7343
2,18437
1,73386
1,8632
1,65167
2,03135
1,6167
1,6447
1,70792
1,7031
1,92497
1,66371
1,9654
1,83619
1,87291
1,78282
2,22397
1,90587
2,04103
1,92196
1,79409
1,92765
1,6974
1,92816
1,85729
1,88594
1,7968
1,62495
1,83383
2,21445
1,88889
1,91822
2,14261
1,82382
1,63939
1,98462
1,87395
1,75947
1,88625
2,00779
2,09937
2,01862
1,82794
2,06163
1,71876
1,71321
2,5569
1,78816
1,86358
2,20845
2,02137
1,93081
1,57288
1,80756
2,06515
1,80004
1,93983
2,03627
2,1173
2,01099
2,12204
1,6791
2,07086
1,85842
1,72847
1,84723
1,82369
1,88311
1,68677
1,73488
1,78057
1,74058
1,92066
1,91177
1,89595
2,10223
1,59376
1,89874
1,76179
1,77285
1,70323
1,65933
2,3225
2,06883
2,00356
1,63257
1,88913
2,07542
1,73456
1,89856
1,6989
1,60787
2,11007
1,93857
2,17335
1,76741
2,03317
1,65555
2,11737
2,01503
2,00684
1,89532
2,06499
1,73299
2,21122
1,69829
2,19786
1,82887
1,98078
2,16617
2,03258
1,85246
1,48265
1,92307
2,06522
1,81789
2,12728
1,95959
1,55128
2,07506
1,81938
1,64117
1,85313
1,78175
1,78413
1,62027
2,17425
1,89806
1,97216
1,78382
1,78045
1,84982
1,53606
2,21897
1,75564
1,98829
1,89279
1,66276
2,02518
2,20273
2,13336
1,71331
1,91568
2,00701
2,08755
1,72775
1,88839
1,87573
2,2444
1,70276
1,97281
1,95364
1,98419
1,96351
1,95356
2,13924
2,01315
2,2746
1,57029
1,9226
1,69459
1,97639
2,15935
1,73292
1,63004
2,08609
2,02039
2,2974
2,02609
2,27022
1,66443
1,87105
1,81051
1,75352
1,97727
1,66461
1,66441
1,87258
1,86065
2,05052
1,89463
2,10144
1,86204
2,06492
1,89213
1,68761
1,4417
1,87578
1,93635
1,85348
1,88245
1,66171
2,02357
1,91544
1,62018
1,75957
1,93367
1,92691
1,86177
1,98014
1,67727
2,0001
1,99981
2,17219
1,94302
1,90513
2,3678
1,81211
1,51643
1,70715
1,97388
2,00286
1,58435
1,86423
1,66654
2,04755
1,74579
1,78583
1,85377
1,94723
1,59605
1,62685
1,80137
1,71923
1,91902
2,19512
1,76308
2,15443
1,9412
1,67115
1,66079
2,16624
1,71275
2,04491
2,09723
1,87546
1,62557
1,84292
1,91363
1,5601
1,81227
2,01868
1,70171
1,92045
1,78535
1,85827
1,80666
1,77952
1,87581
1,97642
1,95122
1,82946
1,57016
1,72515
1,5005
2,03159
1,64318
1,86188
1,58374
2,23825
1,90077
1,58072
1,70986
1,55664
1,91525
2,28974
1,64907
1,78168
1,99494
2,11164
2,03021
1,85359
1,4924
2,14259
1,60372
1,80463
1,97029
1,8621
1,65592
2,01303
2,01333
1,9073
1,93089
2,13313
2,0996
1,81214
1,70648
2,29514
1,99741
2,0141
1,34146
1,89626
1,93108
1,85469
2,06897
1,75071
1,76556
2,09381
2,05707
1,54841
1,96447
1,76186
1,98759
1,50183
1,79231
1,8705
1,42593
1,63633
1,85429
1,68863
1,65264
1,64499
1,86099
1,65499
1,93953
1,93509
2,04439
2,21159
1,73355
1,71292
1,70077
2,04577
1,9039
1,78675
1,89906
1,99574
1,85916
1,65373
1,77473
1,89165
2,06425
1,99679
2,26225
1,7444
2,15293
1,75435
1,68077
1,85533
1,79864
1,89617
1,82259
1,81512
1,94604
1,74413
1,80903
1,63186
1,77719
1,81448
1,77909
1,91033
1,77149
1,59812
1,88145
2,08764
1,92111
2,20261
1,86412
1,97194
1,40195
1,80223
1,76007
1,67828
1,53031
1,62822
1,63641
1,90416
1,91636
1,75209
1,84039
2,27342
1,98387
1,93856
1,76904
1,85351
1,92651
2,07298
1,79164
2,26503
1,86229
2,02741
2,33503
1,92113
1,94984
1,96135
1,57607
1,84862
1,79352
1,58412
1,82449
2,0698
1,61557
1,50316
1,59982
2,23449
1,82468
1,79222
1,79115
2,10728
2,00313
1,85279
2,15043
1,94132
2,07209
1,69103
1,9517
1,83381
2,00074
1,75462
1,53947
1,72508
2,08866
1,60975
1,88974
1,94073
1,68634
1,7504
1,76074
1,68744
1,94546
2,27435
1,76486
1,77256
1,78031
2,1136
1,55729
1,92059
2,1437
1,63074
1,56658
1,64933
2,01912
1,97645
1,76796
1,88024
1,81996
1,75636
1,76064
2,0644
1,97828
1,7711
1,74087
1,7567
1,80269
2,2072
1,81941
1,87633
1,8833
1,64596
2,1604
2,11031
1,90916
1,98272
1,87571
1,57663
2,04418
1,41056
2,07303
2,17994
1,69635
1,91067
1,99469
2,01438
2,1507
1,71919
1,61611
2,09573
1,63476
1,77429
1,99807
1,79759
1,78015
1,81679
1,63001
1,76505
2,24603
1,93788
1,64004
1,89702
1,86064
1,96585
1,95408
1,9885
2,00633
1,78371
2,02203
1,84505
1,93529
2,30136
1,7287
1,71345
2,02873
2,04358
1,6832
1,97474
1,37775
2,00342
1,9418
1,944
2,08107
1,6649
1,85259
1,97188
1,93911
2,03285
2,07728
1,97802
1,82898
1,74434
1,49497
2,15155
1,79828
2,03215
1,82777
2,16216
2,13716
1,61952
2,1223
1,97811
1,71963
2,03274
1,64701
1,92631
2,08671
1,98199
1,68067
2,09532
1,75992
1,96218
1,94827
1,78691
1,93128
2,17712
2,16938
1,90128
1,8123
1,73434
2,17118
1,99133
2,20207
2,09228
1,72567
2,2463
2,07744
1,91211
1,75942
2,13371
1,81855
2,10657
1,89651
2,04179
1,8447
1,99994
1,70846
2,11542
2,17971
1,60125
1,84901
1,93999
2,49565
1,91441
1,97266
1,82611
1,85687
1,98655
1,72539
2,17886
1,97417
1,47859
1,5801
1,40266
1,91238
2,04217
1,71196
2,02279
1,97984
2,24695
1,88409
1,9198
2,07795
1,95875
1,90447
1,52524
2,07161
1,77809
1,73474
2,30939
1,98836
1,80544
1,60875
1,88775
2,00562
2,03192
2,08162
1,62549
1,60117
2,01086
2,11789
1,48618
1,9133
2,07243
1,72501
1,83637
1,80659
1,70477
2,01403
1,92122
2,11816
1,85745
1,76955
2,01122
2,0324
2,00677
1,82346
2,09373
1,68817
1,88656
1,95275
1,73896
1,63241
1,8132
2,39581
1,65997
1,52949
2,00413
1,97491
2,17389
1,9468
2,03488
2,04422
1,2839
1,81377
1,88829
1,98636
1,98926
1,87403
2,0478
1,9408
2,05927
1,74209
1,83454
2,18394
1,7521
2,06378
1,89392
2,14302
1,75547
2,00361
2,16341
1,59482
1,67755
1,82481
2,12814
1,69392
1,75911
1,74943
1,81325
1,88951
1,78488
1,44641
1,64157
1,74455
1,69458
2,55863
2,22686
1,67864
2,01008
1,709
1,7298
1,87368
1,84929
2,13069
2,02034
1,6788
2,10821
2,06414
1,56579
1,69611
2,28407
1,72094
1,92408
1,74239
1,79554
1,92929
1,95441
1,87923
2,04595
2,12017
2,09948
1,96709
2,08058
1,76261
1,89404
1,94327
1,76746
2,09733
1,5846
1,71303
1,80294
2,11395
1,90132
1,78365
1,63195
1,55162
1,30838
1,86838
1,94094
2,04875
1,99281
1,92206
2,07816
1,61757
1,91026
1,71056
1,88242
2,00708
1,88529
1,65589
1,78851
1,74887
1,87468
2,01527
2,06401
2,00877
2,25014
1,99362
1,70789
1,74865
2,14792
1,75366
1,87205
1,63638
1,56968
1,589
1,54965
1,77712
1,9633
1,94161
2,09698
1,94891
2,03999
2,1203
1,54888
2,09633
1,74552
2,05961
1,8943
1,44815
1,87018
2,32104
1,83232
1,91709
1,94721
2,04426
2,07908
1,74335
1,85404
1,68168
2,03925
1,64179
1,80793
1,74712
1,98728
1,66795
2,02948
1,90522
1,723
1,81014
1,34822
1,69617
1,98389
1,92293
1,61193
1,69882
1,91683
1,73384
1,82182
1,88848
1,76665
2,1749
1,68035
1,77521
2,04416
2,17189
1,70217
1,74009
1,88116
1,72746
1,86401
2,05149
2,05676
1,80871
1,89828
1,75203
1,96726
1,83557
2,03005
1,90584
1,6639
1,9183
1,93506
1,94943
2,12826
2,49946
1,68534
1,7403
1,93559
2,0711
2,05817
1,99356
1,7862
1,89579
2,00206
1,65763
1,5135
1,74988
1,74612
1,66243
1,93982
1,89911
1,48787
2,23315
1,91065
1,72455
1,91547
1,92091
1,77592
1,62619
1,77845
2,14819
2,0441
2,25512
1,90268
2,07916
1,77313
1,92741
2,18231
1,92017
2,19812
1,83751
1,83577
1,83704
2,15868
1,77554
1,76011
2,0033
1,81986
2,15554
1,7116
2,14032
1,70053
1,98685
2,05618
1,98023
1,64988
2,0223
2,01931
1,88686
1,98738
1,73963
1,83438
1,8383
1,70888
1,84778
1,69225
1,97646
1,49457
1,74336
2,00085
1,94288
2,06749
1,97431
2,16713
2,20134
1,75978
1,89627
1,54008
1,88419
1,72315
2,1043
1,75367
1,57918
2,02308
1,76189
1,78453
1,74265
1,6668
1,96268
1,92815
1,99962
2,16053
2,099
1,64258
1,73352
2,02746
1,79949
1,81731
2,01219
1,72548
1,84292
1,67552
1,75838
1,58387
1,99446
1,74369
2,11561
1,96835
2,20866
2,07585
2,20523
2,10039
2,26474
1,99272
1,60432
2,02993
1,95543
1,83647
1,47887
1,84718
1,87098
1,63747
2,00917
1,70214
1,86274
2,02944
2,0297
1,96136
1,80506
1,8863
1,87739
1,58877
1,71105
1,85778
1,5785
1,51199
1,95241
1,88681
2,18711
2,06017
1,89915
2,12254
1,7185
1,79299
2,12039
1,97679
1,74739
1,95592
2,061
1,98973
2,46232
2,13244
2,30234
2,12845
1,92451
1,72216
1,35544
1,95115
2,1498
2,07069
1,98119
2,07864
1,83238
1,85646
1,6511
1,60009
1,8807
1,74387
1,68232
1,35894
2,20033
1,698
1,93279
1,95422
1,57437
1,70136
2,32651
1,77598
1,85212
1,85025
1,84025
2,2528
1,4814
1,62844
1,75424
1,72059
1,81936
1,92947
1,95937
1,63957
2,03783
1,78514
1,40434
1,9406
1,82233
1,79086
1,12902
1,88786
1,7135
2,21454
1,99382
1,59112
2,09161
2,28375
1,5428
1,64359
1,95717
1,83727
2,40638
2,05176
1,97217
1,77123
1,72346
2,18673
1,67214
2,11322
1,72065
1,82309
1,94695
1,92144
1,71702
1,90849
2,05699
1,77601
1,53321
1,74724
1,98311
1,89409
1,99657
2,03369
1,80254
1,97052
1,88375
1,60756
1,87135
2,29094
1,67076
1,82802
1,82481
1,83215
2,27945
1,64487
2,14998
2,03963
1,66542
1,52571
2,10125
1,73178
1,51131
1,82746
2,1659
1,97799
1,92558
1,74743
1,89199
1,88002
1,92877
1,86988
1,95447
1,84941
1,5058
1,88427
1,93601
2,02655
1,8655
1,88475
1,97616
2,19877
2,69989
1,76447
1,66251
1,60156
2,2794
1,54741
1,67209
1,70296
1,77742
1,78366
1,51013
1,75445
1,95013
2,02988
1,52622
1,88605
2,13509
1,94792
1,77723
2,17579
1,98827
1,83295
2,18203
2,0754
1,74098
1,82193
2,14475
1,69634
1,91476
2,00779
1,7472
1,69375
1,71561
1,68449
1,78929
1,58207
1,69611
1,67768
1,88947
2,12866
1,4736
2,14225
1,96014
1,99508
1,83543
2,11851
1,75507
1,81526
1,69786
1,94953
1,8688
2,06902
2,19403
1,54877
1,80476
1,8731
2,52556
2,0942
1,78446
1,68221
2,41202
1,95033
2,05228
1,77586
2,08536
1,84216
1,85157
1,6925
1,94264
1,66146
1,89249
1,97925
1,90695
2,11237
1,92708
2,05095
1,80358
1,61311
1,62541
1,56676
1,35171
2,10636
2,02921
1,68421
2,27581
2,2307
1,74887
1,93392
1,88115
1,52838
1,89206
1,73976
2,04488
1,82205
2,10687
2,08066
2,01745
2,08815
1,89936
1,77375
1,79009
1,67301
1,75683
1,95714
1,54963
1,8537
2,01614
2,11713
1,66263
1,88997
2,00435
1,93012
2,05538
2,01849
1,96225
1,92782
1,74974
2,01129
1,66401
1,77306
1,72077
1,78719
1,83739
1,68897
2,29858
1,87519
1,96632
2,03161
1,81824
1,85759
1,90552
2,07924
1,81112
2,00677
1,88792
1,49567
2,05385
2,14606
2,16695
2,23413
1,87084
2,21702
1,68826
1,79187
1,82081
2,08337
2,07683
1,7323
2,12056
1,87901
1,58733
1,85765
2,00584
2,22866
2,08657
1,93586
2,04181
1,63055
1,97179
2,06733
1,97692
1,74479
1,75832
1,76611
1,9482
2,09677
1,8782
2,19296
1,76251
1,64034
1,76977
1,56129
1,77115
1,91357
1,84262
1,70043
1,74215
1,41459
1,60085
1,93769
2,16731
1,89583
1,81662
2,05872
1,86812
1,5213
1,98388
1,85787
1,66704
1,92727
2,01152
1,88766
1,87612
2,0426
1,90373
1,96843
1,75452
1,78106
1,79024
2,03279
1,74321
2,06744
1,81265
1,65747
1,76085
1,6049
2,0322
1,65604
2,03621
1,73058
2,16064
1,85945
1,62521
1,78786
1,66776
1,73922
1,82015
2,12876
1,74913
1,86582
1,65313
2,0679
1,72937
1,83085
1,84198
1,83404
1,74529
1,50619
1,83852
1,54059
1,86369
1,80056
1,56286
1,69749
2,3636
1,6981
1,88798
1,59378
2,12636
1,65862
1,89204
1,84981
1,90555
1,81851
1,81295
2,21175
1,86742
1,91317
1,83586
2,13059
1,83728
1,86289
2,00356
1,99013
1,45768
1,78751
1,58028
1,92594
2,15755
2,0926
1,74175
1,98407
1,87288
1,66631
1,92737
1,90828
2,09974
1,75085
1,82164
2,02152
1,92632
1,76249
1,61002
1,91102
1,87635
1,58347
1,43248
1,86677
1,66685
2,17815
1,98752
2,06346
1,87491
1,39196
2,09309
1,99508
1,5646
1,79297
1,69814
1,90282
1,41096
1,85051
1,5731
1,77146
1,68982
2,05353
1,70989
2,02268
1,84374
1,80853
1,62124
1,6507
1,87321
1,78702
2,2722
1,6323
1,85297
1,8612
1,87843
1,92887
1,5352
1,97255
2,31347
1,45991
1,98893
2,03537
1,62017
1,9171
2,35136
1,35511
1,36391
1,86066
1,9803
1,92466
1,82518
2,25293
1,87518
1,38654
1,76413
1,57718
1,92351
1,53495
1,52913
2,02624
1,70798
2,06235
1,33511
1,74498
1,53281
1,73663
1,9625
1,49106
1,81673
1,91016
1,92339
2,02047
1,60789
1,74391
1,73816
1,77984
1,99891
1,80691
1,89271
1,49439
1,85021
1,39411
1,99868
1,99039
1,82832
1,55763
1,97838
1,93159
1,78287
1,93804
1,78256
1,8452
2,09237
1,78954
2,06239
2,05883
2,00393
1,94328
1,65955
2,01957
2,06223
2,07239
1,81321
2,21885
1,60203
1,75015
1,9286
2,13736
1,79704
1,54627
2,16533
1,62221
1,87056
2,27277
1,85439
2,0755
1,84988
2,15675
1,58469
1,94488
1,82904
1,96103
1,80365
1,85444
1,70632
2,05281
1,82455
2,0006
2,21329
1,19242
1,69841
1,81815
1,78266
1,76718
1,93718
1,54718
1,67581
1,98696
1,99006
1,75159
1,96317
1,91138
1,73208
1,72741
2,10399
1,83936
1,73888
2,07307
2,07652
1,87368
1,90361
1,98707
2,20908
2,02067
1,81537
2,00575
1,90818
1,62941
1,77133
1,80257
2,32232
1,98772
2,08221
1,85718
2,10111
1,96933
1,62811
2,04258
1,72436
2,09281
2,01418
2,01511
1,67738
1,90815
1,79252
2,0339
1,96306
1,87952
1,68359
1,70662
1,44763
1,38147
1,48906
2,04181
2,05387
1,69099
1,74571
1,44545
1,94498
2,30678
1,93519
1,99376
1,78354
1,67629
1,49937
1,64903
1,92438
1,74355
2,07199
1,96059
1,54115
1,81418
2,03458
1,94532
1,97411
1,92606
2,12276
1,89006
2,17163
1,84615
1,9567
1,6978
1,2268
1,65784
1,98711
1,82072
1,70476
1,57249
1,766
1,65026
1,64051
1,76589
1,77363
1,46334
1,88259
1,6231
2,0291
1,46159
1,70262
1,64888
1,88564
2,03809
1,60193
1,91947
1,77049
1,6168
1,8347
1,58113
1,62506
1,26455
1,71143
1,81493
1,85285
1,64963
1,7352
1,82753
1,94334
2,08339
1,96749
1,97787
1,91498
1,74042
2,15225
1,87073
1,94518
1,93434
1,8791
1,78289
1,74347
1,76485
2,13359
1,9282
1,94401
1,73273
1,88711
1,43418
1,37324
1,83429
1,82875
1,91522
1,98045
1,7383
1,67629
2,09112
2,04564
1,99966
1,92347
2,00907
2,01546
1,87655
1,84436
1,91824
1,94241
2,07776
2,18692
2,0012
2,23397
1,84148
2,09975
1,96419
1,60165
1,59195
1,89609
1,99267
1,81324
1,78674
1,89139
1,81146
1,79006
1,73196
1,93726
1,94901
1,89939
1,88314
1,88757
1,55137
1,71975
1,54441
1,91148
1,82192
1,75898
1,67667
1,56181
1,46954
1,5649
1,9372
2,15487
1,79415
2,03245
2,32209
2,0771
1,84277
1,72515
1,56865
1,85857
1,75258
2,17354
1,93726
1,79443
1,75232
1,7081
1,7683
2,05899
1,71695
1,85712
2,11724
1,65979
1,72024
1,58368
1,81783
2,16214
1,76671
1,86197
1,74705
1,35894
1,9092
1,64086
2,08204
1,73957
1,84813
2,18572
1,75017
1,86965
1,59936
2,05703
2,19051
1,65229
1,96655
1,89324
1,69958
1,82866
2,27437
2,04031
2,14343
1,78437
1,78177
1,79245
1,83171
2,08839
1,92081
2,13683
1,75552
1,83124
1,52791
1,82755
1,71224
1,85588
2,04627
1,9086
1,94754
2,02176
1,82361
1,88053
1,71685
1,72962
2,11041
2,008
2,10048
1,75648
1,86597
2,06164
1,86673
1,75571
1,91088
2,11464
1,42174
2,05843
1,63142
1,51875
1,42725
1,86451
1,70001
1,64502
1,80298
1,9307
1,76417
1,60063
1,80419
1,85348
2,05169
2,06224
2,10187
2,15709
1,81591
1,61889
1,97683
1,79571
1,86119
1,92328
1,79209
2,37567
1,52645
1,96322
1,72524
2,02334
1,93823
1,86922
1,79722
1,67616
2,32718
1,71725
1,79995
1,63585
1,90994
2,05473
1,47371
1,99602
2,20383
2,06285
2,09226
2,28558
2,05389
1,67842
1,93511
1,8845
2,14981
1,98404
1,78165
1,89583
1,80201
1,49934
1,80896
1,701
1,78818
1,81363
1,9433
2,03258
2,19095
1,81904
1,85975
2,01679
1,75445
1,88395
2,17368
2,11579
1,9706
1,86718
1,40009
1,8755
2,05359
1,79216
2,08496
2,11766
2,28448
1,70799
1,86208
2,29339
1,76882
2,40942
1,72669
1,55344
1,70372
1,94749
1,90088
2,27116
1,75624
1,87028
1,83063
1,94941
1,67284
2,08578
1,69965
1,64336
1,95971
2,05636
2,12058
1,93828
1,65143
1,89838
1,89126
1,69936
2,24133
2,11019
1,85534
2,08294
1,66352
1,74324
2,16196
1,87863
2,00734
1,81563
1,89368
2,03513
2,18533
2,05234
1,76479
1,56445
1,99829
1,48914
1,86606
2,01481
1,5067
1,97472
1,87708
1,92199
1,75296
2,01795
2,03493
1,87346
1,74399
1,79795
1,98026
2,10545
1,69496
2,20337
1,71405
2,08381
1,78073
1,92349
1,89022
1,78216
1,84493
1,97887
1,84833
1,75879
1,40512
1,87568
1,84447
1,90799
1,77031
1,86283
1,6049
1,64059
1,91888
1,81372
2,25797
1,96249
1,87027
1,96619
2,19113
1,74243
1,58715
1,85963
1,59761
1,78886
2,01185
1,75165
1,89809
1,90365
1,9257
1,36672
1,61578
1,95322
1,94581
1,78551
1,96138
1,79366
1,87626
2,04706
1,94607
1,96672
2,0051
1,86425
2,00372
2,09706
1,25827
2,0458
1,92368
2,24603
1,98702
1,62729
1,87333
1,88758
2,00606
1,9428
1,88318
1,76048
2,18508
2,2319
1,80482
1,91415
2,10494
1,96375
2,06077
1,67444
1,87531
2,03076
2,05545
1,86714
2,07556
2,01611
2,02906
1,53881
1,6251
1,92969
1,86304
1,79253
1,59008
1,77224
1,61636
1,58753
1,84683
1,67294
1,86902
1,96206
1,72706
2,05891
1,921
1,3931
1,69072
1,89176
2,01601
1,94096
1,68153
1,85971
2,06493
1,86108
1,40151
1,99946
1,97258
2,07575
1,82856
2,16056
1,67726
1,80051
1,90408
1,96504
1,88594
2,17238
1,97177
1,76707
1,44461
2,18906
2,03846
2,05941
2,04365
1,78327
2,0012
1,73777
2,02995
1,45913
1,66129
2,00307
2,22183
2,17644
1,9523
1,78173
1,86354
2,04343
1,71731
2,00129
1,52349
1,81454
1,7603
1,85733
2,06672
1,87401
2,00242
1,80636
1,87779
2,05479
1,99144
1,87923
2,50317
1,8413
1,87163
1,32948
1,93759
1,65839
1,80575
1,91813
1,85787
2,09177
1,83676
2,0323
1,91007
1,90964
1,70219
1,95179
1,96719
1,65955
1,57511
2,01471
1,88241
1,84061
1,637
2,0713
2,11114
2,06641
1,71536
1,66622
1,57413
1,89909
1,82741
1,64724
2,00941
1,74301
1,94466
2,12008
1,87289
1,75602
1,62624
1,629
1,8052
1,85009
1,70505
1,90251
2,09323
1,82629
1,96473
2,15875
1,69409
1,46956
1,92573
2,02737
2,1146
1,80932
2,10041
1,74629
1,89203
1,88152
1,53468
1,79097
1,86025
1,78078
1,64295
2,12594
1,74654
1,96429
2,16859
1,83581
1,95116
1,66311
1,78972
1,56917
1,9192
1,98423
1,83196
1,58619
1,86595
1,98141
1,8466
1,66253
1,89702
1,99339
1,91497
1,81552
1,66669
1,92015
2,00147
1,70712
1,36668
1,94177
2,18314
1,95857
1,81674
1,80804
2,05549
1,83405
1,8401
1,91995
1,9379
2,00713
1,78403
1,63783
2,07018
1,8554
2,13896
1,72467
2,10798
2,09783
2,15258
1,91959
2,00218
1,99751
1,91563
1,67722
2,04868
1,67372
2,14004
1,47197
1,78169
2,40851
2,11124
1,96507
1,70484
2,13701
1,80243
1,79937
1,783
2,0139
1,90409
1,91763
1,94197
1,59633
2,01802
1,85683
1,82331
1,77603
1,80344
1,83813
1,57728
2,05281
1,63977
1,44551
1,77897
2,07693
1,8451
1,8873
1,93454
2,08693
1,62291
1,93458
1,82417
1,66398
2,02993
1,94687
1,71305
2,0126
1,92345
1,9445
1,99499
1,86129
1,80765
2,13472
2,01914
1,89717
1,57611
1,77003
2,07074
2,0887
1,56769
1,29291
2,02091
2,22246
2,16946
2,01877
1,75155
1,86057
1,88959
2,19026
1,92942
1,88223
1,80092
1,50856
1,74931
1,92978
1,86781
1,88089
1,72382
1,95154
1,52289
1,74157
1,57
1,92027
1,82008
1,67912
1,89809
1,9421
1,76155
1,59311
1,73532
2,05564
1,63048
1,47866
2,02116
1,66901
1,68521
1,88772
2,11836
2,03895
2,16402
1,61809
1,95017
2,03465
1,7138
1,8712
1,8978
2,00466
1,57488
1,73643
1,83522
1,93223
1,88844
1,76009
2,19133
1,8999
1,98077
1,65071
1,86377
1,87716
1,57451
1,85729
1,58043
1,38092
1,81404
1,77381
1,91593
1,82897
1,93138
1,8129
1,78507
1,87322
1,92957
1,89425
1,94867
1,96972
1,7539
1,96268
1,87114
1,99039
2,06017
1,84207
1,59076
1,80702
1,92759
1,6269
1,97628
1,95146
1,45765
2,47386
1,66015
1,79427
1,99714
1,9855
1,96188
2,06396
1,90365
1,64646
1,89603
1,79573
1,88955
1,79537
2,04586
1,9084
1,53889
2,10169
1,68618
2,066
2,11764
1,77372
1,92914
1,78113
1,59088
1,70541
2,05649
1,8328
1,88202
1,92407
1,86056
1,84516
2,11285
1,45694
1,61328
2,1117
1,81552
1,62475
1,39827
2,12256
1,5769
2,20757
1,85422
1,81905
1,82676
2,1149
1,97287
1,82621
2,03421
1,93237
2,1211
1,86354
1,8627
1,74046
1,80714
1,83329
1,99056
1,9656
2,53889
1,56881
1,9756
1,76269
2,04635
1,77786
2,00592
1,70237
1,85099
1,71524
1,76165
1,56377
1,68431
2,03223
2,2222
1,63571
1,80473
1,89032
2,20663
2,28275
1,63292
1,94087
2,1027
1,81028
1,55878
2,13334
1,62955
1,85916
1,96699
1,91542
1,72321
1,90764
1,74166
1,94724
1,92172
1,96505
2,14342
1,74741
1,40804
1,66594
1,58316
2,02849
2,11166
1,85755
1,79489
2,00507
1,64583
1,23628
1,52554
1,60627
2,07394
2,00842
1,93937
1,68289
1,72734
1,82688
1,85299
1,9648
1,68875
1,83595
1,98066
1,77249
1,73061
1,85927
1,82564
1,71916
1,84374
1,73847
2,03455
1,70125
1,81558
1,80167
1,95892
1,92847
1,58877
1,89215
1,91913
1,87844
1,88916
2,00006
1,87706
1,61745
1,85678
2,11761
1,86189
1,84338
2,05847
1,78915
1,94379
1,77715
1,99168
1,48386
2,03042
1,56789
2,0945
1,92533
1,76264
1,66807
1,45864
1,87533
2,01879
1,61559
1,69055
1,83715
1,97862
2,11172
1,96139
1,99809
1,78905
1,70523
1,50715
1,683
1,8434
1,9841
1,76585
2,05764
1,66753
1,97476
1,66102
1,5654
1,78591
1,87308
1,82904
1,83743
1,78502
1,95421
1,87695
1,90692
1,74395
1,73915
1,77113
1,89179
1,80296
1,85556
2,05925
1,72808
1,86677
2,23289
1,82271
1,88436
2,1307
1,99985
1,81782
1,93085
1,84532
1,97363
1,96639
1,84055
1,76995
1,89943
1,78628
1,72469
2,00896
1,74658
2,00755
1,81942
1,70302
1,86809
2,00364
1,6793
1,91703
1,84689
1,84841
1,66552
2,07585
2,30987
1,81487
1,93441
1,77356
1,9027
2,28209
1,92967
2,03053
1,73585
1,67176
1,64867
1,86913
1,84252
1,76309
1,93086
2,00754
1,81886
2,01448
1,79774
2,27824
2,10692
1,54423
1,63011
1,9586
1,52756
1,98733
1,67474
1,77292
1,98516
1,89104
1,95917
2,14787
2,05815
1,70065
2,18755
2,09128
1,72269
2,37575
1,64553
1,90554
1,81756
1,71474
1,901
2,22528
1,84428
1,91395
1,85649
2,10198
2,02429
1,44277
1,87222
2,17517
1,82898
1,75192
1,81988
2,03241
1,88262
1,64548
1,53056
2,19801
1,85895
1,91608
1,96731
1,8354
1,7695
1,77335
1,87964
1,46045
1,82816
1,73808
1,94383
1,73554
1,51449
1,98095
2,0213
2,05575
1,85258
1,97375
1,68919
2,01673
2,0231
2,30438
2,14283
1,92153
1,80825
1,86586
1,71935
2,03231
2,03561
1,60969
1,87116
2,19709
1,74763
2,09748
2,06579
1,78614
1,66506
1,49877
2,14203
2,13697
2,04367
2,08019
2,06838
1,61085
2,00299
1,67794
1,84116
2,05756
1,739
1,76612
1,59168
1,73263
1,95122
2,13105
1,84654
2,05376
1,91279
2,0726
1,6925
1,75056
1,64092
1,99487
1,78209
1,93487
2,10907
1,84634
2,08063
2,15282
1,97854
1,97002
1,90145
1,69887
1,63293
1,68263
1,90354
2,13732
1,58685
1,77804
2,10499
1,75088
1,86856
1,642
1,86035
1,96142
1,74356
1,76912
2,24935
2,13143
1,95237
1,7139
1,54124
1,79771
1,99782
1,53655
1,85131
1,71141
1,61719
1,85995
2,24747
1,55433
1,85536
1,91354
1,7191
1,76929
1,94419
2,28749
1,75448
2,02866
1,76632
2,13084
1,77201
2,11914
1,95773
1,91881
1,67415
2,1021
2,13676
1,71241
2,1174
1,88623
1,87001
1,92525
1,93465
1,78302
1,77924
1,68666
1,82213
1,97916
1,89236
2,10705
1,96605
1,82123
1,72898
1,94205
2,27698
1,6423
1,90817
1,67453
1,85692
1,81219
2,12119
1,81152
1,91874
2,0671
1,98337
1,65442
1,74379
2,34809
1,86759
1,96541
2,24355
1,70457
1,67964
1,9074
1,32262
1,90214
1,7264
1,7763
2,13129
2,51425
1,88956
1,82241
2,17393
1,73598
1,66093
2,10485
1,98641
1,59281
1,76019
1,65699
1,81155
1,83173
1,64893
1,83401
1,66433
1,58925
1,97178
2,05561
1,99437
1,79252
1,82796
2,00341
1,74334
2,18063
2,02839
2,2463
1,75672
2,17722
1,78336
2,05297
1,58703
2,06824
2,03454
1,83475
1,66388
1,82045
1,70658
2,02539
1,87769
1,57103
1,92793
1,81614
2,09216
1,68795
1,73875
1,66521
1,83789
2,24717
2,18415
2,13727
2,08357
2,13202
1,94974
1,93365
1,86492
1,76219
2,14269
1,53212
1,68519
1,74856
1,73105
1,89525
1,87194
1,79065
1,815
1,92428
1,965
1,80424
2,11579
1,62127
1,93178
1,84755
1,63653
1,86503
2,01866
1,82802
1,83245
2,02242
1,68374
2,12435
1,98182
1,5426
1,84379
2,24807
2,00857
1,44773
1,72935
2,45733
1,94284
1,49333
2,0698
1,90363
2,07891
2,00942
2,20711
1,59294
1,81923
1,85864
1,98672
2,10364
1,80077
1,92503
2,01903
1,77352
2,2701
2,02441
1,67554
2,17426
1,74873
2,12348
1,99842
2,03907
1,55324
1,92689
1,99681
2,05619
1,73816
1,88155
1,99704
1,92373
1,5312
1,96278
1,68944
2,14588
1,77023
1,82093
1,77235
1,76583
2,02235
2,01213
2,10267
2,18292
1,85879
2,07853
1,95306
1,54434
1,39902
1,97923
2,1172
1,83239
1,82775
1,77339
1,59557
1,56797
1,64721
1,77619
2,36146
1,97235
1,9619
2,00366
2,15162
2,08696
1,86848
1,7862
2,10204
1,55764
2,0362
2,07679
2,01867
2,11749
2,25327
1,75172
1,84158
1,42252
1,71733
1,91946
1,78575
1,88353
2,06586
2,01378
2,02485
1,60239
1,48102
1,75436
2,24305
1,82183
1,58851
1,48916
2,04038
2,13903
1,90824
2,13431
1,93071
1,98999
2,0386
2,05695
1,83821
2,03353
2,04244
2,24303
1,88787
2,07637
2,0694
1,91928
2,04657
1,92858
1,97532
1,99898
1,87468
1,66615
1,82387
1,59957
1,55993
1,56288
1,71775
1,67393
2,08984
1,85123
1,7293
2,0253
1,69898
2,03376
1,75658
1,62687
1,78332
1,49329
1,73829
2,09626
1,90882
1,47399
1,91874
1,94455
1,98956
1,79287
1,69021
1,42343
2,12752
1,9642
1,71732
1,40042
2,01265
1,74086
2,29294
2,12867
1,94822
2,24357
2,10046
1,91588
1,74213
2,4911
1,82269
1,61585
1,70793
1,71528
1,9239
1,78233
1,88589
1,90005
2,43267
2,14172
1,36471
1,98721
1,55187
1,7559
1,92433
1,86306
1,83689
1,8972
1,83109
1,46189
1,82959
2,04681
1,75953
1,96522
1,82546
1,84765
1,84109
1,78547
1,81186
1,99829
1,67111
2,06592
1,98936
1,89841
1,83249
1,65461
1,87283
2,22327
1,73279
1,88983
2,13653
1,93726
1,74411
2,0319
2,04412
1,98824
2,03372
1,47445
1,8165
1,90385
1,88339
1,7253
1,40463
2,21779
1,72767
1,96274
1,63466
2,01358
1,98894
2,00991
1,96949
1,86935
1,5703
1,81206
1,8918
2,10054
1,96727
2,17625
1,69676
1,84209
1,81901
1,74564
2,29565
1,92842
1,99894
1,71452
1,90678
1,97416
1,83678
1,93321
1,8141
1,64515
1,93459
1,72317
1,9499
2,03064
1,28724
1,77057
1,79664
2,03988
1,78085
2,00832
1,85538
1,94278
1,99648
2,21431
1,88191
1,73127
2,01205
1,91495
1,65848
2,03596
2,12156
1,58439
2,04779
1,58193
1,81671
1,72818
1,67982
1,59656
1,7169
2,09018
1,62682
2,13188
1,84716
1,7622
1,66366
2,01407
1,91026
1,95024
2,11983
1,67893
2,15154
1,70572
1,95472
1,63105
2,2387
1,65028
1,56274
1,99972
1,76198
1,79053
1,76867
2,06603
2,15235
1,99316
1,72403
1,92092
1,47363
1,84144
1,73059
1,73363
1,8103
1,62247
1,83779
2,06636
1,673
2,10325
2,12799
1,69207
1,71396
1,64462
2,11942
2,08494
1,76141
2,18887
1,77573
1,94948
1,75562
1,74579
1,86206
1,73911
1,88384
1,99896
1,89594
2,06689
1,88665
2,48848
1,83731
1,96415
1,6852
1,78301
1,96348
1,96296
1,98939
2,05465
2,39333
1,70056
1,91405
1,87335
2,1528
2,04457
2,27257
1,81382
2,00011
1,97605
1,73992
1,81987
1,77664
1,79187
1,82962
1,84289
2,29639
1,99797
1,83138
2,04761
1,86705
1,68039
1,80158
1,88423
1,67291
1,93437
1,8271
1,90235
1,81595
1,83769
1,86428
1,70704
2,15062
1,95476
2,23612
2,15453
1,6845
1,96362
1,83672
1,6433
2,23609
1,76282
1,80797
1,68545
1,74845
1,8809
1,99383
1,73211
1,63428
2,29233
1,66334
2,0666
2,16015
1,92528
1,81243
2,07709
1,90469
1,88775
1,99632
1,95526
1,66052
1,64723
2,03983
1,87247
1,6943
1,75776
2,07957
1,97936
1,92585
1,63008
2,04973
1,67813
1,73387
2,06033
1,85414
1,99513
1,9735
1,64276
2,06503
1,8049
1,99068
1,95576
1,92756
2,25633
1,53831
1,93009
1,63387
1,87506
2,19857
1,75152
1,75043
1,62517
1,69379
1,94939
1,75818
2,1855
1,85183
2,00232
1,92329
1,86341
1,86362
1,84135
1,56804
1,63836
1,77663
1,82163
2,15453
1,71409
2,10369
1,8627
1,944
1,74359
1,95985
1,65701
1,93829
1,94615
2,03632
1,9255
1,52801
1,78295
1,78062
1,79131
1,65463
2,05012
2,0356
1,70046
1,6302
1,76935
1,76936
2,07796
1,97456
1,50023
1,8041
2,03619
1,77403
1,75891
1,9435
2,26892
2,06293
1,95251
1,97011
1,54104
1,85845
2,06337
1,79424
1,94385
1,77543
1,95969
1,7931
1,72301
1,4016
1,87725
1,65989
1,88001
1,83096
2,04475
2,11607
1,79368
2,14686
1,46683
1,78159
1,97894
2,04716
1,99451
1,61015
1,79697
1,97114
1,66122
1,82842
2,06823
2,07246
1,72453
2,11153
1,62484
1,69927
1,98809
1,8078
1,57706
1,67362
1,77161
1,96638
1,84277
1,82688
1,75046
1,63198
1,77821
2,30994
1,66965
1,41901
2,40536
1,72941
1,50292
2,08059
1,86504
1,70431
1,74295
1,5994
1,80128
2,04614
1,81865
2,1148
1,80914
2,22475
1,56732
1,63476
1,69039
1,72781
1,94235
2,02671
1,65113
2,2526
2,40455
1,52726
2,03289
2,20757
1,40517
2,33158
1,69535
1,46237
1,91377
1,83845
2,00897
2,0675
1,79753
1,9032
2,27269
1,60736
2,07874
1,6767
2,18513
2,09455
2,12289
1,49837
1,99534
1,8693
1,8105
1,90904
1,98635
1,50865
1,7702
1,86632
1,93041
1,68685
2,0555
1,72546
2,54209
1,80135
1,76464
1,51183
1,89584
1,66832
1,63632
1,9423
1,71875
1,89386
2,07459
1,83935
1,89465
1,84457
1,85024
1,59005
1,4475
1,89036
1,94257
1,61697
2,05721
1,98674
1,85639
1,80889
2,17122
1,71266
2,25564
1,58747
2,07493
2,01116
2,2094
1,84508
2,22034
1,86575
1,80742
1,95046
1,90213
1,90345
1,80239
1,72285
1,99042
1,96461
1,78674
1,6165
2,0422
2,00837
1,53944
1,73995
1,84644
1,90654
1,827
1,70795
1,74586
1,82136
2,21756
1,50721
1,42158
2,01713
2,04427
1,89509
1,74159
1,96178
1,64482
1,59235
2,0428
2,06103
1,56544
1,99667
1,62288
2,39697
1,95391
1,47266
2,02669
1,70522
1,58125
2,29402
1,54935
1,79647
1,88273
1,93762
1,90715
1,96493
1,72915
1,71617
1,9182
2,03271
2,23464
1,86236
1,91841
1,54594
1,82609
2,30794
1,84494
2,005
2,2262
1,73098
1,98491
1,53296
1,68739
1,86675
1,79913
1,99601
1,67541
1,87056
1,8484
1,6945
1,66958
1,76747
1,96035
1,88249
1,49231
1,67074
1,61148
1,88779
1,62201
1,98371
1,86907
2,10365
1,89794
2,09511
1,80137
1,93094
1,61544
1,84142
1,80285
1,89266
2,16968
2,07539
2,12212
1,89533
1,89156
1,87952
1,69759
2,08335
2,17631
1,67861
1,71706
1,318
1,90149
2,09934
1,80718
1,94256
1,92873
2,06818
1,82427
1,96075
1,98021
1,62374
1,61703
2,17378
1,74885
2,17187
1,81616
1,81371
2,08037
1,98953
1,84657
1,41674
1,79561
1,9912
1,99157
1,74175
1,54503
1,65542
1,62291
1,83697
1,47044
1,79319
1,99881
2,02838
1,76659
1,7499
2,10722
1,87728
1,92578
1,59604
2,16867
1,86015
2,15994
1,82942
1,94764
1,82686
1,75041
2,07412
1,75912
1,76252
1,84716
1,96058
2,09806
1,9012
1,82721
1,97332
1,72867
2,07501
1,71467
1,45398
1,98817
1,97355
1,95538
2,17559
1,92513
1,63995
1,96018
1,81173
2,11419
1,97361
1,89791
1,805
2,06543
2,23935
1,7547
2,03995
2,16149
2,01625
1,97655
1,98955
1,96613
1,59645
2,00546
1,99183
1,84095
1,85257
2,03038
1,78307
1,37666
1,86879
1,59104
1,96184
1,66923
1,8742
1,68695
1,84426
1,86992
1,78461
2,23587
1,70932
1,98121
1,78247
2,42041
1,86094
1,96765
1,52896
1,69315
1,8213
1,87078
2,04697
2,32761
1,76948
1,58172
1,85667
1,83818
2,06332
2,10964
1,56097
1,79046
1,96738
1,92835
1,79374
2,09585
2,01781
1,92794
1,90751
1,7882
2,20398
1,99095
2,05216
1,99814
1,67667
1,85934
2,06515
1,77056
2,11987
1,76181
1,95405
1,76993
1,71056
2,05725
2,08141
1,97041
1,94699
2,06196
1,5682
1,69459
1,68926
1,75427
1,77618
1,86857
1,82283
1,56606
1,6985
1,73886
1,7214
2,21053
1,90148
1,91065
1,6174
1,76762
2,14536
2,14511
1,68824
1,75634
2,03009
2,0339
1,92121
1,82174
2,25207
1,17803
2,15946
1,49287
1,88258
1,99816
1,62801
2,26736
1,86703
1,49999
1,89146
1,84316
2,08435
1,72112
2,12485
1,9411
1,69253
2,00566
1,72035
2,09482
2,16511
1,5745
1,68247
1,94643
2,2108
2,01994
1,73348
1,84059
1,60677
1,83826
1,84006
1,79444
1,82671
1,89808
1,99672
1,53372
1,905
2,12509
1,86381
1,65259
1,73898
1,80668
1,43421
1,81954
1,79389
1,99721
1,78833
1,80875
1,95162
1,80737
2,10664
1,84025
1,75338
1,97314
1,88512
1,83862
2,31697
1,95176
1,74086
2,13297
1,87801
2,0924
1,62407
1,76355
1,78556
2,41686
1,81046
1,54801
1,75226
1,92072
1,75433
1,6535
1,87038
2,03531
1,77021
1,99234
1,73828
1,84487
1,96347
1,89639
1,99479
1,66107
1,86393
1,79784
2,11627
2,4044
1,74873
1,761
1,90131
1,69684
2,13239
1,52223
1,5552
1,53128
1,54666
1,7491
1,60178
1,95012
1,57559
1,85006
1,78634
1,74898
1,76538
2,08272
1,85537
1,81695
2,15049
1,67825
2,02805
1,80353
1,76642
2,29554
1,95876
1,83078
1,9638
1,92675
1,68183
1,78171
2,02649
1,75937
1,63672
1,90047
1,92553
1,82359
1,66114
2,02782
1,7939
1,74258
1,89918
1,86898
2,1124
1,75683
1,96624
1,81567
1,71606
1,72546
2,18845
1,57783
1,91958
2,1297
2,22361
1,58088
2,02821
1,77988
1,84027
1,79723
1,84383
1,90302
1,53626
2,02468
1,91835
1,82808
1,86792
1,71217
2,11163
1,80112
1,8942
1,7518
1,21338
2,01919
1,6525
1,65603
1,86908
1,78929
1,69548
2,05491
1,75908
2,03453
1,39132
1,89843
2,22509
2,2554
1,69574
2,01668
1,91986
1,88935
1,81002
2,15297
1,6854
1,86291
1,90341
1,65103
1,46396
1,79817
1,51627
1,60111
1,86332
1,66631
1,93304
2,14495
1,88875
1,70062
1,8268
1,93945
1,98388
2,04359
1,6369
1,85284
1,3563
1,82555
2,13457
1,72014
1,95045
1,81956
2,08948
1,92025
2,04242
2,1332
1,99491
1,75691
1,92881
1,9215
2,10456
2,14372
1,7907
1,82226
1,86304
1,81069
1,65546
1,83823
1,68074
1,83839
1,98622
1,74156
1,6047
2,25984
2,03763
1,83375
1,78965
2,12443
1,93775
1,87354
1,88703
2,25378
2,03275
1,76218
1,90324
1,98822
1,52841
1,8863
1,72776
1,96175
1,88117
2,09914
1,96538
1,85055
1,67378
2,04759
1,57556
2,19197
1,38576
1,66422
2,05856
1,67937
1,69405
1,93978
2,19521
1,86908
1,79632
1,93647
1,99037
1,98367
2,06665
1,77676
2,18979
1,59738
1,82198
1,92683
1,46146
1,83143
1,69135
1,80468
2,13546
1,92078
1,81718
2,05989
1,86324
2,22829
1,73807
1,72676
2,05374
1,72942
2,04985
1,94143
1,70898
1,7093
1,94925
1,47144
1,64806
1,9423
1,82888
2,10863
1,71222
1,72215
1,94827
1,67485
1,79651
1,88868
1,92438
2,12647
1,74884
2,24372
1,76465
1,83383
1,81595
1,53583
1,55081
2,03978
1,79934
1,85579
1,73397
2,16686
1,45335
1,77422
1,69641
2,02571
1,99173
1,66567
1,99973
1,87576
1,70414
1,7361
1,69606
2,19895
1,72735
1,95979
1,94831
2,05648
1,67613
1,67011
1,65274
1,82364
1,89361
1,9533
1,80823
1,6077
2,00204
1,89307
1,74198
2,17061
2,13229
2,19337
1,93702
1,71616
1,56458
1,92129
1,88855
1,61029
1,975
1,38924
1,90063
2,24857
1,91274
2,18766
1,76665
1,82312
2,0382
1,71762
1,93944
1,77131
1,59285
1,99195
1,85905
1,98903
1,02088
1,41305
1,31041
1,28171
1,29781
1,56802
1,14969
1,65083
1,11676
1,04151
1,66575
1,06233
1,28118
1,01682
0,98192
1,26915
1,51254
1,15797
1,07866
1,45589
1,39522
1,22766
1,5738
1,45037
1,48645
1,3268
0,84872
1,3853
1,37425
1,24603
1,40266
1,0829
1,50219
1,19037
1,39495
1,25613
1,32282
1,3044
1,28848
1,09719
1,46023
1,58855
1,14603
1,33138
1,2895
1,54061
1,39001
1,3868
1,80698
1,49118
1,45073
1,44638
1,39478
1,29977
1,17422
1,37492
1,38382
1,41271
1,23712
1,45594
1,09813
1,59456
1,52419
1,41427
1,47752
1,31513
1,57023
1,5695
1,4384
0,98707
1,26355
1,34211
1,18242
1,45337
0,90815
1,7083
1,56163
1,38989
1,24193
1,02927
1,41656
1,33528
1,33189
1,16904
1,39552
1,2713
1,34662
1,70148
1,64892
1,7724
1,24052
1,07235
1,61363
1,37703
1,2342
1,42663
1,44025
1,12001
1,23684
1,33183
1,4724
1,67437
1,26816
1,77366
1,34417
1,39483
1,04497
1,46125
1,19865
1,37534
1,16381
1,28266
1,46856
1,15805
1,24172
1,31004
1,42421
1,33255
1,08028
1,42697
1,46135
1,27341
0,93506
0,9664
1,32174
1,37299
1,26431
1,53948
1,41125
1,60554
1,40176
1,34193
1,1723
1,40985
1,42973
1,31238
1,34827
1,38906
1,2707
1,21724
1,11619
1,26507
1,21961
1,61164
1,63561
1,18903
1,33514
1,23173
1,21888
1,49369
1,30972
1,16551
1,40106
1,43709
1,29272
1,40762
1,20303
1,41885
1,57829
1,21615
1,53846
1,34138
1,12226
1,04797
1,27765
1,19275
1,10923
1,59728
1,22087
1,35697
1,38839
1,13795
1,25347
1,6029
1,50096
1,63597
1,03275
1,2739
1,41575
1,36508
1,04486
1,29775
0,95139
1,10414
1,2259
1,50402
1,58953
1,12935
1,44017
1,35956
1,17653
0,90728
1,56832
1,58285
1,34395
1,24818
1,11964
1,11172
1,24882
1,30219
1,31022
1,48984
1,50881
1,76432
1,50582
1,23298
1,1088
1,30999
1,11833
1,34323
1,1317
1,15906
1,40407
1,1991
0,83993
1,16733
0,97722
1,11502
1,19315
1,51612
1,77085
1,00234
1,42869
1,41735
1,36113
1,62024
1,47517
1,35154
1,1306
1,05329
1,48832
1,31339
1,205
1,47179
1,50469
1,29189
1,40228
1,44684
1,31358
1,39034
1,19548
1,45245
1,33318
1,19146
1,49761
1,50253
1,47772
1,57116
1,24436
1,54259
1,84658
1,18166
1,49725
1,44817
1,43663
1,3104
1,44758
1,17388
1,31182
1,58044
1,30134
1,29822
1,12909
1,2716
1,28103
1,32616
1,54739
1,5572
1,80922
1,76352
1,33184
1,28581
1,46265
1,503
1,28742
1,28729
1,28148
1,45346
1,14752
1,00743
1,30611
1,04342
1,46962
1,63218
1,1746
1,30024
1,35665
1,57853
1,53465
1,1209
1,28661
1,30048
1,15228
1,32977
1,6652
1,17183
1,55256
1,65807
1,5533
1,24667
1,06587
1,21948
1,34409
1,62303
1,42875
1,09208
1,19298
1,3171
1,39993
0,90406
1,33875
1,20569
1,54145
1,12935
1,20743
1,23637
1,27616
1,31661
1,17196
1,46069
1,10277
1,17622
1,07446
1,10141
1,33006
1,49408
1,3687
1,34611
1,28446
1,37474
1,4384
1,24263
1,25467
1,07224
1,49413
1,55133
1,42289
1,34111
1,26277
1,27686
1,08945
1,14674
1,32175
1,62163
1,55573
0,88366
1,17478
1,60693
1,61374
1,28039
1,21327
1,57022
1,24157
1,54947
1,27844
1,41072
1,26373
1,19304
1,20192
1,3836
0,68982
1,24876
1,44379
1,34713
1,02147
1,51523
1,59086
1,56764
1,34744
1,52559
1,54393
1,66959
1,62509
1,50533
1,65866
1,01801
1,11224
1,07695
1,22633
1,10725
1,11181
1,14949
1,12741
1,34263
1,19789
1,41597
0,93533
1,62465
1,3552
1,09281
1,568
1,44906
1,18186
1,71486
0,94232
1,32091
1,35819
1,29279
1,3113
1,27032
1,13406
1,23697
1,42503
1,31277
1,25775
1,42161
1,57161
1,27018
1,34198
1,65966
1,4719
1,35598
1,5322
1,42715
1,26787
1,24728
1,82451
1,1904
1,39299
1,34244
1,28606
1,26409
1,33692
1,79727
1,20819
1,1416
1,0054
1,29372
1,42205
1,43939
1,47501
1,45576
1,14269
1,17903
1,3914
1,17028
1,34765
1,53689
1,4433
1,00001
1,34444
1,32697
1,16602
1,48431
1,48264
1,28493
1,60083
1,25598
1,41113
1,16567
1,20545
1,42491
1,25467
1,31114
1,50377
1,18918
1,41689
1,18979
1,4073
1,50229
1,14065
1,4019
0,93876
1,27005
1,61098
1,33459
1,18376
1,38074
1,33575
1,50106
1,40272
1,51182
1,13232
1,12599
1,32004
1,29954
1,66781
1,3578
1,19772
1,1833
1,54856
1,39071
1,40879
1,53574
1,60395
1,37254
1,42579
1,23693
1,33311
1,50994
1,17003
1,49155
1,2481
1,55587
1,44049
1,38393
1,3688
1,46977
1,55941
1,47725
1,43541
1,37841
1,48922
1,39996
1,41039
1,40033
1,49631
1,73532
1,42843
1,35073
1,69101
1,18618
1,30795
1,22322
1,21465
1,44875
1,65018
1,2383
1,3466
1,70627
1,06593
1,30434
1,64003
1,71856
1,15476
0,96422
1,37065
1,33378
1,28039
1,2942
1,32808
1,20184
1,66398
1,43339
1,29602
1,66436
1,44199
1,60485
1,515
1,21339
1,37976
1,48955
1,31906
1,51493
1,18038
1,41434
1,20555
1,38651
1,4966
1,35601
1,12436
1,18098
1,51309
1,63112
1,21008
1,75019
1,58224
1,13734
1,49082
1,46604
1,29321
1,2907
1,51569
1,36609
1,54696
1,14988
1,67582
1,15985
1,406
1,28615
1,54239
1,5352
1,31639
1,42495
1,41914
1,24483
1,52456
1,46411
1,46668
1,25556
1,71112
1,64161
1,2492
1,74727
1,30296
1,54493
1,33305
1,42895
1,26088
1,32122
1,3871
1,26639
1,36975
1,30624
1,21055
1,35352
1,34619
1,50069
1,27508
1,36204
1,70617
0,955
1,38876
1,30936
1,73395
0,92037
1,09197
1,61431
1,32654
1,66844
1,42682
1,05682
1,47776
1,35553
1,6339
1,25964
1,2569
1,34749
1,39325
1,32859
1,27897
1,45469
1,80289
1,17069
1,22709
1,60498
1,59951
1,46046
1,19026
1,73743
1,06181
1,33274
1,24829
1,64212
1,48369
1,54436
1,52939
1,34416
1,39045
1,52944
1,44457
1,5594
1,37413
1,46077
1,45706
1,14914
1,43679
1,22551
1,06642
1,35648
1,42916
1,30403
1,36802
1,12748
1,46805
0,90774
1,52793
1,39939
1,42726
1,55431
1,61387
1,68786
1,88691
1,39644
1,43998
1,72381
1,64395
1,777
1,46335
1,23868
1,29931
1,61034
1,42451
1,48805
1,65616
1,33693
1,17551
1,48707
1,46848
1,13642
1,4041
1,17696
1,40784
1,51556
1,27536
1,14504
1,20583
1,62281
1,19486
1,67488
1,10918
1,30336
1,40454
1,43042
1,35051
1,35628
1,10657
1,37164
1,34228
1,36592
1,44375
1,52919
1,50995
1,62804
1,1933
1,65352
1,22363
1,34671
1,36098
1,15175
1,37904
1,03274
1,62413
1,4508
1,69308
1,44912
0,98876
1,58172
1,74794
0,91136
1,7508
1,02478
1,47304
1,65845
1,50518
1,4116
1,09662
1,23581
1,68864
1,52936
1,29777
1,72006
0,94488
1,75353
1,39223
1,00817
1,76904
1,22868
1,72577
1,4695
0,80531
1,75837
1,45624
1,38485
1,30539
1,39189
1,02124
1,58096
1,48878
1,48633
1,30119
1,37798
1,51621
1,54041
1,32988
1,24033
1,42839
1,33235
1,58817
1,14333
1,28037
1,63667
1,28871
1,41214
1,18852
1,20952
1,17287
1,17673
1,31659
1,41926
1,48201
1,5241
1,08625
1,69089
1,50724
1,01037
1,64819
1,39786
1,44985
1,37364
1,38082
1,57971
1,40143
1,18271
1,20115
1,06138
1,22485
1,43074
1,40181
1,48721
1,33324
1,28617
1,35193
1,50957
1,67219
1,1764
1,18512
1,39899
1,24546
1,40008
1,6053
1,5103
1,36245
1,53269
1,44777
1,68181
1,45907
1,1049
1,17605
1,07471
1,75134
1,5884
1,64961
1,51764
1,26689
1,26293
1,60459
1,26692
1,53426
1,2601
1,37282
1,07705
1,212
1,37533
1,27051
1,49894
1,66799
1,48733
1,16626
1,21606
1,47025
1,09837
1,40505
1,35865
1,42904
1,3934
1,31573
1,49122
1,36976
1,37806
1,38406
1,17646
1,22515
1,45408
1,68143
1,09051
1,29028
1,03045
1,44759
0,91468
1,54785
1,07166
1,55911
1,38895
1,50887
1,68517
1,2582
1,31114
1,68907
1,42971
1,58745
1,24257
1,10581
1,29219
1,57793
1,62652
1,37041
1,22148
0,96579
1,1329
1,55642
1,34682
1,34475
1,30514
1,46513
1,29685
1,20606
1,45625
1,17535
1,33294
1,69079
1,3037
1,5716
0,8689
1,52067
1,22121
1,37067
1,4609
1,5056
1,48938
1,20965
1,41285
1,28732
1,24277
1,40376
1,42961
1,46189
1,43043
1,30071
1,68218
1,14791
1,67686
1,65771
1,4173
1,29351
1,6403
1,31761
1,19195
1,33115
1,50979
1,41487
1,41745
1,49331
1,19191
1,35601
1,22746
1,39838
1,6854
1,26007
1,35623
1,09688
1,56043
1,09029
1,14955
1,56735
0,87496
1,23044
1,20008
1,13944
1,21239
1,19541
1,6135
1,40811
1,28967
1,06772
1,21966
1,79181
1,28344
1,21787
1,27947
1,33374
1,02918
1,2716
1,18716
1,44643
1,1485
0,96856
1,58598
1,45028
1,4053
1,42639
1,42887
1,4554
1,63344
1,36997
1,50935
1,4076
1,41291
0,88884
0,92325
1,71175
1,52904
1,39052
1,64867
1,59992
1,36681
0,97977
1,36181
1,60738
1,7033
1,5949
1,42946
1,37198
1,56432
1,44906
1,10101
1,75954
1,07322
1,37284
1,47586
1,48292
0,98549
1,32971
1,3074
1,06969
1,11615
1,19789
1,22917
1,25401
1,25104
1,35856
1,34694
1,29439
1,39393
1,18243
1,21812
1,09349
1,49531
1,61881
1,36143
1,39989
1,44256
1,34724
1,32732
1,62949
1,21598
1,49668
1,32118
1,47026
1,27166
1,27212
1,53761
0,99494
1,30875
1,05971
1,52223
1,52757
1,3067
1,54317
1,51942
1,33479
1,56005
1,46832
1,61477
1,48055
1,35013
1,51531
1,50478
1,33511
1,37536
1,41301
1,35722
1,34801
1,3112
1,39252
1,24031
1,47318
1,50187
1,11765
1,1701
1,37606
1,02696
1,42372
1,31469
1,36881
1,35003
1,47505
0,8948
0,98869
1,25681
1,25601
1,33352
1,31157
1,20247
1,38124
1,49078
1,22223
1,45992
1,4001
1,24655
1,38024
1,23517
1,29943
1,20274
1,30734
1,42308
1,2188
1,26938
1,50498
1,62409
1,28387
1,2636
1,29136
1,45905
1,22534
1,48206
1,16971
1,19956
1,41401
1,37492
1,07701
1,49599
1,27597
1,40346
1,12043
1,13468
1,09946
1,34342
1,56752
0,9619
1,14568
1,43563
1,64044
1,54051
1,27444
1,41902
1,43878
1,2478
1,68597
1,3742
1,3487
1,51464
1,24753
1,65272
1,4421
1,0199
1,38022
1,22751
1,24459
1,33714
1,29393
1,59821
1,42162
1,30526
1,03586
1,42866
1,75035
1,08215
1,25094
1,08136
1,23783
1,16471
1,2786
1,61334
1,34612
1,48498
1,06636
1,29839
1,59815
1,08425
1,42595
1,52499
1,40608
1,33928
1,61991
1,32063
1,29375
1,59318
1,4839
1,42433
1,20409
1,58251
1,25962
1,59873
1,56057
1,20604
1,70138
1,53818
1,42879
1,53586
1,44555
1,25194
1,40883
1,1669
1,56624
1,56413
1,37994
1,13062
1,41051
1,45486
1,62026
1,58234
1,31305
1,43248
1,775
1,22824
1,562
1,67635
1,27354
1,41496
1,39674
1,08192
1,43764
1,51542
1,44757
1,65064
1,03767
0,93054
1,42322
1,45315
1,43344
1,10513
1,43313
1,37622
1,53413
1,30785
1,59867
1,61644
1,32321
1,3643
1,13661
1,46756
1,18798
1,40774
1,41201
1,58503
0,99724
1,35667
1,34164
1,22405
1,39436
1,5212
1,22115
1,67946
1,87001
1,44942
1,12097
1,22564
1,10514
1,36847
1,24742
1,32991
1,40025
1,5375
1,52706
1,60354
0,96266
1,15202
1,51347
1,38335
1,27223
1,43347
1,43859
1,66348
1,41187
1,23172
1,37143
1,13619
1,09306
1,19057
0,97364
1,28269
1,09923
1,73529
1,36132
0,96524
1,17333
1,27327
1,62872
1,31702
1,34733
1,57616
1,5989
1,00559
1,20944
1,64557
0,91785
1,31298
1,51445
1,40052
1,18468
1,28748
1,73115
1,72713
1,27149
1,25934
1,19599
1,37829
1,96107
1,40534
1,34744
1,18481
1,43086
1,4198
1,49545
1,48984
1,22563
1,47957
1,07919
0,92043
1,3501
1,4117
1,49294
1,43324
1,359
1,5345
1,27841
1,60347
1,4198
1,41506
1,31267
1,61548
1,01244
1,33313
1,29293
1,37801
1,54425
1,17955
1,57014
1,25941
1,28539
1,05173
1,4379
1,20673
1,66451
1,46789
1,28915
1,5154
1,59373
1,22548
1,23071
1,12715
1,14892
1,16106
0,95787
1,48066
1,13418
1,51321
1,44236
1,29754
1,50542
1,25224
1,35794
1,48475
1,34915
1,1108
1,24267
1,2387
1,11864
1,27704
1,30017
1,35849
1,02787
1,2991
1,70106
1,59593
1,46891
1,36754
1,7802
1,31048
1,14831
1,03418
1,14445
1,19173
1,22883
1,64455
1,404
1,21427
1,50016
1,11099
1,36434
1,56274
1,66105
1,07445
1,38537
1,34301
1,16902
1,01757
1,20185
1,10183
1,26733
1,30429
1,36382
1,32246
1,5357
1,65924
1,30117
1,24217
1,31029
1,07057
0,8619
1,39195
1,22197
1,14766
1,40619
1,27712
1,5776
0,85793
1,20271
1,4292
1,06791
1,23233
1,26679
1,16795
1,15132
1,62339
1,10921
1,11831
1,53677
1,39012
1,41579
1,31363
1,2504
1,32627
1,33541
1,44704
1,23091
1,46229
1,49753
1,38815
1,35946
1,39124
1,38854
1,58342
1,26834
1,37276
1,02515
1,34418
1,16101
1,14569
1,07281
1,21575
1,20382
1,46636
1,61677
1,03616
1,38807
1,29555
1,4201
1,49895
1,62244
1,2042
1,42067
1,38428
1,49274
1,56838
1,32616
1,58167
1,03944
1,44765
1,1037
1,41718
1,25515
1,39531
1,60135
1,44088
1,10025
1,6255
1,16761
1,23597
1,32283
1,7655
1,53742
1,71591
1,65326
1,21546
1,43363
1,29545
1,3964
1,50433
1,67734
1,38333
1,34899
1,3794
1,09096
1,14087
1,45973
1,15381
1,27743
1,53646
1,16605
1,33515
1,33451
1,12425
1,3311
1,45784
1,37153
1,54912
1,38393
1,53853
1,17307
1,47739
1,11572
1,30926
1,3823
1,15502
1,17654
1,26001
1,67791
1,36298
1,56362
1,28614
1,08895
1,29272
1,10363
1,6358
1,17666
1,39315
1,31238
1,17931
1,19824
1,09258
1,00527
1,42992
1,40337
1,35821
1,53286
1,38381
1,14936
1,34699
1,56789
1,25693
1,024
1,53465
1,08592
1,62298
1,25821
1,41343
1,37112
1,14504
1,8162
1,57258
1,2885
1,16468
1,51006
1,82308
1,23831
1,16161
1,42155
1,39084
1,46784
1,30527
1,26345
1,16277
1,51786
1,57833
1,20996
1,41224
0,99355
1,54406
1,37199
1,21494
1,33951
1,45525
1,13622
1,07048
1,46057
1,49947
1,22344
1,34896
1,32361
1,50705
1,42841
1,48562
1,2951
1,3932
1,63809
1,36424
1,32234
1,33615
1,3462
1,3744
1,56062
1,18325
1,36044
1,52312
1,27876
1,2158
1,41953
1,37148
1,3475
1,51567
1,10805
1,65592
1,37164
1,09816
1,20826
1,04877
1,15677
1,28419
1,32261
1,31395
1,24514
1,34335
1,37415
1,20088
1,43623
1,25497
1,37509
1,11576
1,42775
1,31779
1,29735
1,4319
1,46115
1,44055
1,27313
1,34027
1,52572
1,36773
1,13788
1,44499
1,34112
1,1958
1,44404
1,58445
1,23624
1,28204
1,827
1,16056
1,14784
1,22116
1,56172
1,17053
1,71798
1,33327
1,46891
1,64369
1,40024
1,53447
1,3578
1,42564
1,07171
1,13006
1,5265
1,55164
1,19937
1,32357
1,23498
1,56665
1,29162
1,45477
1,32106
1,46737
1,1405
1,16514
1,49194
1,34546
1,33884
1,18713
0,97269
1,32337
1,51978
1,15874
0,71393
1,08121
1,3009
1,26181
1,42764
0,98745
1,34732
1,64929
1,7645
1,02545
1,45429
1,44089
1,0919
1,18217
1,47152
1,10242
1,40608
1,24812
1,57715
1,17103
1,49857
1,53138
1,62924
1,6216
1,48651
1,62528
1,06732
1,17848
1,03141
1,26519
1,65681
1,38427
1,51065
1,38945
1,47855
1,68944
1,5258
1,52978
1,54229
1,45217
1,57584
1,52683
1,48429
1,30767
1,60292
1,60201
0,89169
1,57589
1,40457
0,92118
1,29573
1,46491
1,63632
1,30781
1,59568
1,22759
1,83287
1,4072
1,34417
1,58742
1,32755
1,19229
1,17336
1,88617
1,59629
1,10919
1,58206
1,26114
1,249
1,24765
1,2258
1,33943
1,30971
1,15448
1,50142
1,4923
1,30647
1,23792
1,0588
1,78295
1,44419
1,45603
1,53021
0,95328
1,51735
1,83638
1,00362
1,31524
1,37053
1,4068
1,00496
1,43296
1,40016
1,37874
1,48638
1,35926
1,43533
1,13069
1,30843
1,67573
1,32864
1,49326
1,38701
1,22336
1,348
1,19632
1,19329
1,26614
1,05298
1,43371
1,45979
1,11974
1,64243
1,34051
1,10776
1,28489
1,17305
1,65078
1,3082
1,5243
1,53465
1,72362
1,25143
1,21589
1,32594
1,59709
1,39653
1,4444
1,44072
1,06438
1,5448
1,18361
1,45176
1,42122
1,31806
1,48078
1,30228
1,56307
1,29923
1,21788
1,42924
1,75031
1,59033
0,97034
1,19599
1,66937
1,17709
1,1967
1,36629
1,36825
1,34818
1,17929
1,02354
1,48971
1,45339
1,36661
1,10287
1,03962
1,43397
1,37086
1,29004
1,48549
1,23157
1,18646
1,554
1,28278
0,92268
1,39528
1,46841
1,27965
1,22383
1,28923
1,48713
1,36853
1,44273
1,57537
1,34045
1,37168
1,1643
1,33681
1,18762
1,02063
1,58221
1,28777
1,43823
1,69819
1,22606
0,93424
1,2125
1,5456
1,2497
1,31307
1,30211
1,70025
1,69626
1,27518
1,24292
1,55906
1,45316
1,5558
1,15812
1,11379
1,33879
1,26994
1,22034
1,48225
1,26983
1,08043
1,39814
1,25547
0,89571
1,57303
1,14822
1,05152
1,4189
1,09657
1,63903
1,08967
1,23681
1,32639
1,39792
1,45689
1,54484
1,22221
1,30615
1,41299
1,32366
1,31735
1,29872
1,30577
1,20622
1,57675
1,53584
1,19024
1,23743
1,1872
1,36673
1,31731
1,60831
1,35511
1,24592
1,51923
1,21277
1,27725
1,11326
1,29196
0,96313
1,36596
1,51357
1,15227
1,16948
1,54428
1,32008
1,4294
1,48171
1,00648
1,6511
1,38002
1,27702
1,60413
1,39885
1,56421
1,22924
1,32733
1,62436
1,42125
1,19767
1,26381
1,44894
1,29173
1,42426
1,77018
1,38032
1,19536
1,06853
1,39745
1,2081
1,16247
1,58661
1,33322
1,20329
1,36642
1,21889
1,16461
1,04954
1,26331
1,39281
1,45872
1,59877
1,34613
1,78779
1,11307
1,60861
1,76152
1,22744
1,23965
1,51462
1,74834
1,29305
1,23827
1,10925
1,29537
1,11469
1,42292
1,12565
1,02469
1,77589
1,60726
1,3561
1,36236
1,14214
1,46678
0,98402
1,43929
1,49205
1,44046
1,37053
1,59043
1,24689
1,24915
1,46801
1,00092
1,49817
1,03312
1,16811
1,42628
1,36703
1,54931
1,42369
1,1323
1,29753
1,12118
0,93192
1,45268
1,21512
1,68546
1,38924
1,23991
1,24842
1,3559
0,89357
1,35642
0,97724
1,38029
1,23504
1,35804
1,75992
1,5388
1,09147
1,37033
1,25592
1,40587
1,28569
1,57524
1,01097
1,37431
1,82659
1,34331
0,79174
1,32507
1,19452
1,63577
1,34445
1,32611
1,29174
1,23822
1,23186
1,20442
1,33142
1,17654
1,22756
1,3784
1,57293
1,20838
1,09582
1,06108
1,42789
1,13648
1,3141
1,05147
1,4736
1,19659
1,59089
1,28168
1,62524
1,32018
1,44489
1,22781
1,10981
1,28806
1,12882
1,41441
1,6258
1,24531
1,41375
1,19418
1,22538
1,38521
1,11334
1,3657
1,24067
1,55915
1,41482
1,22793
1,13519
1,23075
1,43826
1,81853
1,07003
1,26978
1,74322
1,54172
1,33539
1,41579
1,46579
1,71573
1,44333
1,08438
1,45615
1,4867
1,43327
1,67141
1,59949
1,13153
1,35432
1,30629
1,27305
1,16764
1,32295
1,15656
1,40997
1,38739
1,09051
1,3296
1,34751
1,04514
1,52972
1,25286
1,44184
1,01716
1,35422
1,41288
1,32518
1,02098
1,37174
1,48114
1,55082
1,20715
1,35033
1,3335
1,7887
1,46701
1,4765
1,38569
1,37287
1,17133
1,52918
1,18077
1,63796
1,57792
1,43336
1,0987
1,41551
1,15389
1,59335
1,09688
1,377
1,23498
1,43203
1,3583
0,89789
1,7458
1,50763
1,21741
1,50971
1,55995
1,62598
1,39202
0,94263
1,27096
1,2094
1,69687
1,17033
1,05649
1,26352
1,47196
1,4715
1,15767
1,40815
1,25283
1,26956
1,404
1,34255
1,72168
1,43462
1,51189
1,51113
1,50441
1,59089
1,29358
1,12458
1,31492
1,27065
1,16396
0,97708
1,08359
1,42703
1,47102
1,15961
1,37839
1,52809
1,3142
1,07375
1,48369
1,13926
1,36792
1,39169
1,35665
1,35081
1,38831
1,44873
1,09388
1,71736
1,4587
1,47604
1,16271
1,20905
1,1744
1,26108
1,31404
1,608
1,43908
1,4441
1,25198
1,51291
1,25463
1,52899
1,65324
1,77969
1,7447
1,08708
1,34708
1,71131
1,33776
1,4408
1,32915
1,28094
1,0637
1,46036
1,50338
1,28557
0,99873
1,03026
1,27336
1,11165
1,29449
1,6265
1,64865
1,14433
1,49478
1,44306
1,62561
1,2686
1,49581
1,17819
1,46302
1,21115
1,33573
1,13888
1,20607
1,58535
1,58055
1,24212
1,3016
1,26796
1,57979
1,15416
1,06139
1,39867
1,24175
1,53826
1,35043
1,57971
1,43723
1,06855
1,15788
1,17895
1,50146
1,25569
0,98643
1,20253
1,00234
1,53568
1,28478
1,44347
1,06295
1,5537
1,45878
1,36239
1,15581
1,45579
1,17631
1,14033
1,3174
1,68626
1,60288
1,42157
1,26584
1,53989
1,43775
1,40322
1,32595
1,23699
1,40386
1,2308
1,37001
1,26376
1,26422
1,39194
1,41855
1,24906
1,51295
1,22779
1,06066
1,46958
1,29306
1,26483
1,26912
1,12915
1,43939
1,44412
1,32602
1,41487
1,48605
1,21087
1,72217
1,41769
1,21292
0,93746
1,63785
1,45987
1,56876
1,36621
1,02088
1,25131
1,16975
1,5038
1,38225
1,35425
1,27248
1,48826
1,31111
1,55831
1,52828
1,488
1,2545
1,12507
1,38112
1,47964
1,40387
1,55278
1,50071
1,56681
1,38311
1,56096
1,51238
1,85848
1,45139
1,25173
1,53341
0,78606
1,27229
1,70955
1,54711
1,42999
1,06771
1,03998
1,34954
1,2441
1,54019
1,47865
1,47021
1,34947
1,81793
1,65414
1,20662
1,10538
1,90078
1,40236
1,24463
1,15027
1,52275
1,31453
1,45098
1,32473
1,42956
1,58793
1,6411
1,05146
1,46905
0,8417
1,28417
1,39277
1,32765
1,52179
1,33292
1,18764
1,32711
1,40506
1,56302
1,52083
1,42821
1,29344
1,18136
1,29803
1,24982
1,02466
1,20943
1,58572
1,49059
1,42543
1,25662
1,74978
1,4664
1,62604
1,24889
1,20421
1,49162
1,61353
1,42987
1,55611
1,52039
1,43341
1,38897
1,75012
1,2561
1,54484
0,98794
1,17422
1,38761
1,62155
1,13878
1,26299
0,95933
1,38702
1,13182
1,38146
1,53264
1,09391
1,52927
1,54595
1,51911
1,27066
1,27441
1,28444
1,55689
1,51491
1,49462
1,1646
1,60882
0,94747
1,41317
1,5261
1,25978
1,4351
1,18764
1,52942
1,38221
1,15525
1,71184
1,18797
1,35966
1,68894
1,04313
1,29966
1,32692
1,80053
1,08174
1,40571
1,25386
1,3894
1,47812
1,47923
1,37975
1,78391
1,59231
1,68063
1,44686
1,36393
1,26878
1,26143
0,96761
1,37899
1,20139
1,56513
1,23805
1,63079
1,43758
1,31939
1,22412
1,32368
1,42532
1,26713
0,86059
1,4181
1,24975
1,36199
1,35932
1,38539
1,67999
1,39522
1,32096
1,10133
1,13651
1,15655
1,5432
1,32274
1,32169
1,33568
1,32213
1,45798
1,38422
1,01714
1,05754
1,49658
1,25929
1,2788
1,62552
1,29158
1,14059
1,47527
1,38097
1,25441
1,22912
1,09725
1,34615
1,09681
1,57638
1,39717
1,36353
1,19483
1,36645
1,3359
1,47669
1,40304
1,30312
1,23018
1,46454
1,3138
1,30647
1,40642
1,49897
1,18396
1,4476
1,31119
1,58285
1,24679
1,34313
1,48994
1,44662
1,61969
1,34991
1,58847
1,18459
1,58561
1,2097
1,20229
1,3758
1,27601
1,38614
1,38206
1,52482
1,24723
1,34723
1,50717
0,91645
1,29201
1,01503
1,24231
1,75059
1,51827
1,42376
1,43557
1,22112
1,56021
1,37348
1,38473
1,5959
1,28029
1,00751
1,03718
1,31737
1,07388
1,65092
1,41389
0,94499
1,50637
1,3224
0,98536
1,22229
1,42655
1,48761
1,41853
1,9216
1,16811
1,38869
0,99396
0,91546
0,99331
1,41477
1,49115
1,37022
1,29256
1,36324
1,10589
1,45403
1,3111
1,72795
1,47691
1,0354
1,3421
1,26822
1,12033
1,42421
1,49673
1,16421
1,49594
1,55853
1,07723
1,3329
1,2513
1,01132
1,09509
1,21951
1,25018
1,13046
1,49401
1,51337
1,30291
1,26162
1,45559
1,38509
1,08151
1,23962
1,45928
1,67449
1,43888
1,4849
1,36655
1,02848
1,30429
1,45559
1,23908
1,42549
1,14478
1,07978
1,3676
1,40942
1,42203
1,39325
1,47269
1,63451
0,91605
1,72121
1,36918
1,27386
1,17181
1,26984
1,44768
1,63022
1,66779
1,55815
1,56867
1,23863
1,55248
1,14727
1,67312
1,65931
1,27852
1,38508
1,41604
1,17174
1,26809
1,5434
1,33514
1,01455
1,12975
1,65014
1,86206
1,53326
1,41232
1,45668
1,4485
0,88812
1,38789
1,32688
1,35846
1,30086
1,52242
1,52125
1,5522
1,659
1,45236
1,45823
1,12405
1,02814
1,33262
1,18215
1,25867
1,0154
1,06869
1,63352
1,50019
1,35269
1,21053
1,54104
1,03979
1,62907
1,66637
1,57325
1,48605
1,42565
1,28227
1,23862
1,61063
1,34265
1,34724
1,44836
1,37245
1,647
1,04232
1,31292
1,2426
1,36721
0,94944
1,14046
1,29623
1,5638
1,33188
1,12428
1,36986
1,10963
1,18738
1,42364
1,59849
0,99658
1,18641
1,39179
1,62593
1,47553
1,74328
1,25448
1,38297
1,41067
1,31049
1,45614
1,4255
1,394
1,21185
1,02853
1,43413
1,14127
1,34429
1,21272
1,56702
1,08381
1,53101
1,1474
1,38386
1,5067
1,03386
1,65808
1,63573
1,22748
1,50946
1,47642
1,65501
1,63498
1,56037
1,19183
1,42904
1,18771
1,29587
1,10701
1,46547
1,18977
1,84517
1,26426
1,62401
1,44585
1,05446
1,26697
1,41379
1,5692
1,6583
1,30442
1,64092
1,69348
1,56379
1,31379
1,25754
1,3819
1,32907
1,31647
1,78276
1,28283
1,24423
1,26409
1,20429
1,39823
1,34093
1,51605
1,32368
1,08656
1,36013
1,09076
1,43236
1,2198
1,28558
1,22442
1,31652
1,39383
1,13593
1,49825
1,42093
0,96358
1,1784
1,48351
1,10917
1,81592
1,41387
1,05808
1,30573
1,28398
1,16792
1,42118
1,64183
1,22998
1,25892
1,51211
1,35605
1,37174
1,30087
1,57929
1,1185
1,08033
1,32578
1,23962
1,43373
1,5391
1,55668
1,22533
1,27248
1,24802
1,54909
1,53438
1,26683
1,3653
1,40159
1,53134
1,43623
1,51631
1,28234
1,52738
1,27197
1,03142
1,21679
1,45524
1,41214
1,73513
1,51729
1,61905
1,52265
1,66812
1,41891
1,35708
1,26432
1,56492
1,37414
1,3765
1,59636
1,26389
1,66136
1,46809
1,40618
1,41875
1,32622
1,317
1,12029
1,52749
1,3197
1,14155
1,20169
1,5557
1,72395
1,34999
1,547
1,00982
1,36471
1,44018
1,38622
1,68905
1,65572
1,36757
1,17497
1,15224
1,29483
1,40328
1,52378
1,47672
1,28851
1,43253
1,38187
1,33023
1,26912
1,50397
1,27955
1,2496
1,28357
1,52026
1,74382
1,55016
1,45761
1,36656
1,26703
1,56588
1,25647
1,445
1,12283
1,25179
1,25404
1,14926
1,88437
1,24603
1,11245
0,92298
1,356
1,30995
1,61894
1,7336
1,00848
1,23704
1,46648
1,21502
1,36204
1,50781
1,47274
1,59495
1,3686
1,35942
1,36957
1,39049
1,32192
1,45461
1,05311
1,76832
1,49658
1,41407
1,18428
1,44226
1,52697
1,29141
1,23913
1,19351
1,12734
1,6963
1,15115
1,47733
1,9264
1,30077
1,43152
1,06304
1,21722
1,53246
1,47797
1,10837
1,60767
1,45477
1,35041
1,35027
1,6027
1,07829
1,33235
1,5894
1,65354
1,379
1,16954
1,15251
1,53376
1,53566
0,9628
1,10614
1,22924
1,61458
1,43919
1,27039
1,18821
1,95765
1,11965
1,9424
1,62313
1,19681
1,74146
1,03352
1,84157
1,39114
1,29718
1,58274
1,16431
1,38999
1,43768
0,77523
1,28046
1,33782
1,53011
1,10208
1,57725
1,37927
1,31418
1,47802
1,47565
1,56372
1,26406
1,15082
1,31093
1,33992
1,81389
1,38856
1,32977
1,22684
1,35782
1,39743
1,47423
1,46692
1,30276
1,43894
1,34567
1,54705
1,61268
1,25129
1,50743
1,12664
1,04419
1,27828
1,44848
1,68705
1,29003
1,04405
1,21303
1,18746
0,96392
1,20184
1,13043
1,62308
1,41276
1,18851
1,3639
1,27961
1,34182
0,98372
1,28091
1,0047
1,37103
1,33875
1,2178
1,55776
1,58466
1,35795
1,31336
1,26012
1,53593
1,12035
1,03537
1,18851
1,33552
1,27655
1,18513
1,22561
1,06782
0,87298
1,10815
1,29521
1,18463
1,42986
1,04918
1,26839
1,78192
1,38402
1,61716
1,63832
1,27938
1,24954
1,63109
1,0752
1,34353
1,53723
1,60613
1,35218
1,25818
1,27297
1,29134
1,46431
1,47204
1,00883
1,33056
1,35159
1,51657
1,28197
1,60584
1,46979
1,43797
1,69128
1,37087
1,31378
1,2314
1,21811
1,49716
1,26353
1,38863
1,332
1,51564
1,35444
1,39356
1,06884
0,95752
1,44974
1,22513
0,99108
1,43688
1,19262
1,59514
1,18145
1,19795
1,21092
1,2274
1,09234
1,2449
1,4665
1,40888
1,00156
1,59448
1,15913
1,62048
1,11367
1,08111
1,21033
1,31588
1,43542
1,21771
1,46095
1,23345
1,36776
1,54446
1,4098
0,94389
1,74608
1,61114
1,31352
1,30299
1,56076
1,56684
1,02692
1,66448
1,4327
1,50365
1,21095
1,10705
1,22034
1,24706
1,42095
1,16397
1,26738
1,32152
1,03363
1,12455
1,14301
1,26633
1,60622
1,56518
1,63945
0,95933
1,27778
1,04046
1,45852
1,42404
1,31622
1,07731
1,34451
1,23036
1,53393
1,51933
1,41212
1,47335
1,21633
1,06092
1,06067
1,52074
1,36066
1,50143
1,53104
1,27003
1,68866
1,386
1,58778
1,25417
1,35449
1,53098
1,11364
1,54765
1,24418
1,51333
1,85658
1,44508
1,63334
1,42566
1,15889
1,37289
1,10587
1,41671
1,19007
1,5244
1,60981
1,16268
1,51886
1,54655
1,5243
1,40073
1,19633
1,28486
1,61143
1,52569
1,26522
1,15215
1,22674
1,61321
1,601
1,20888
1,22049
1,12851
1,37091
1,48052
1,05739
1,3428
1,47927
1,38195
1,40611
1,6814
1,33252
1,38229
1,37465
1,2066
1,10513
1,21889
1,10299
1,64779
1,41018
0,82198
0,9052
1,77568
1,06001
1,42264
1,37999
1,19627
1,56232
1,60758
1,37471
1,54904
1,47205
1,33148
1,45794
1,55488
1,6688
1,49739
1,35387
1,43363
1,59133
1,59482
1,11048
1,3782
1,64508
1,23412
1,53176
1,53319
1,75292
1,57146
1,60978
1,4252
1,71892
1,17366
1,34045
1,34273
1,35652
1,38865
1,17144
1,38648
1,3717
1,5123
1,13968
1,21187
1,63934
1,11232
0,98516
1,317
1,60985
1,56732
1,59372
1,38254
1,12871
1,18758
1,47403
1,39686
1,13266
1,47337
1,3955
1,41226
1,23983
1,48238
0,77898
1,01173
1,349
1,17895
1,48361
1,02187
1,12144
0,97261
1,39603
1,45442
1,16858
1,48414
1,38994
1,44924
1,31813
1,51532
1,329
1,78743
1,13877
1,24672
1,36627
1,54619
1,20936
1,31159
1,13899
1,108
1,31886
1,23014
1,53556
1,16253
1,59096
1,15045
1,31264
1,27943
1,29117
1,28285
1,24523
1,76828
1,30652
1,56256
0,95121
1,54374
1,63584
1,42767
1,19967
1,33014
1,1988
1,65156
1,34931
1,31556
1,3948
1,3777
0,99371
1,55104
1,51873
1,6273
1,07637
1,22937
1,46602
1,67542
1,5128
1,08469
1,13726
1,29286
1,27177
1,36663
1,2444
1,52079
1,34111
1,74667
1,26697
1,42146
1,36773
1,1886
1,14142
1,45521
1,55888
1,46971
1,20244
1,51987
1,38471
1,2824
1,54885
1,34459
1,34279
1,46402
0,94563
1,24286
1,43445
1,0405
1,24034
1,42755
1,47049
1,07464
1,23776
1,52957
1,07455
1,41216
1,30657
1,3976
1,55758
1,33659
1,20847
1,47099
1,08277
1,54514
1,61553
1,54226
1,29562
1,57691
1,41539
1,23554
1,66573
1,43015
1,32576
1,64367
0,95625
1,18201
1,74027
1,26525
1,52699
1,32561
1,01217
0,99286
1,60943
1,48246
1,51814
1,38817
1,32419
1,24434
1,40055
1,37338
1,32218
1,46209
1,64043
1,42383
1,23586
1,27541
1,22413
1,41503
1,67723
1,87785
1,48623
1,3455
1,41106
1,22155
1,56954
1,33601
1,67738
1,18418
1,44464
1,44939
1,17987
1,36892
1,41479
1,48561
1,42053
1,42835
1,29147
1,34997
1,48645
1,14777
1,24606
1,68667
1,35037
1,42533
1,34529
1,35965
1,52866
1,41914
1,44806
1,45992
1,15244
1,43708
1,18037
1,33379
1,53522
1,39458
1,43874
1,21016
1,2554
1,3302
1,08798
1,30279
1,17439
1,36354
1,14152
1,26026
1,5553
1,63889
1,50205
1,20684
1,17169
1,49364
1,49715
1,41886
1,11657
1,16759
1,62676
1,22708
1,32315
0,97107
1,82133
1,28958
1,40376
1,57909
1,07853
1,07839
1,51828
1,27841
1,33652
1,43758
1,39235
1,36932
1,04472
1,20671
1,34248
1,46303
1,32522
1,40823
1,54782
1,60443
1,52416
1,82083
1,86797
1,30012
1,2925
1,58524
1,21647
1,4191
1,7964
1,29319
1,32006
1,37837
1,59243
1,51757
1,12952
1,1171
1,38522
1,12267
1,35814
1,70868
1,65256
1,43826
1,60899
1,12543
1,61107
1,14718
1,12077
1,56166
1,3206
1,51275
1,04423
1,4919
1,70855
1,39105
1,40382
1,11574
1,33944
1,25507
1,45896
1,19164
1,25823
1,28643
1,36852
1,4661
1,14882
1,74708
1,44259
1,25556
1,46752
1,37509
1,19758
0,95678
1,23739
1,2301
1,18892
1,55493
1,25504
1,44724
1,53436
1,6709
1,4787
1,06358
1,60493
1,56878
1,4362
1,64442
1,29027
1,33685
1,53572
1,16125
1,30957
1,2967
1,55252
1,361
1,38104
1,24809
1,64926
1,34713
1,21648
1,4606
1,38451
1,43678
1,50171
1,52365
1,17393
1,32555
1,20991
1,10565
1,29921
1,55942
1,51678
1,31253
1,16504
1,37103
1,61783
1,35608
1,03764
1,39851
1,55726
1,01525
1,12573
1,32776
1,07869
1,20466
1,51685
1,44296
1,26998
1,28721
1,38929
1,41045
1,50749
1,45509
1,53024
1,45133
1,55502
1,04855
1,51715
1,61686
1,70841
1,28598
1,35206
1,12561
1,26125
1,61041
1,39638
1,59147
1,42512
1,29289
1,58555
1,62785
1,54877
1,36296
1,22134
1,13099
1,36266
1,21794
1,35971
1,4552
1,32974
1,39469
1,80979
1,63903
1,42708
1,50468
1,45768
1,75903
1,49812
1,43531
1,29615
1,72858
1,2646
1,39408
0,98182
1,42855
1,37083
1,24932
1,35272
0,8942
1,02471
1,14468
1,39587
1,58209
1,6293
1,17729
1,22507
1,24316
1,7328
1,69467
1,18353
1,2825
1,36799
1,62305
1,9253
1,39245
1,3562
1,25891
1,37657
1,48734
1,37424
1,29297
1,0825
1,41331
1,36646
1,46807
1,32125
1,09362
1,41026
1,10152
1,12965
1,03265
1,36592
1,52662
1,68245
1,53
1,26491
1,32816
1,63228
1,1713
1,46674
1,15247
1,31575
1,35575
1,51311
1,32159
1,03097
1,24876
1,27326
1,34311
1,45579
1,50498
1,01232
1,11302
1,27372
1,44416
1,39246
1,53068
1,72235
1,30941
1,16423
1,3892
1,63811
1,28207
1,30377
1,46455
1,26033
1,26905
1,18614
1,31794
1,19209
0,85621
1,46576
1,25517
1,15437
1,27661
1,57665
1,57611
1,47197
1,36775
1,62605
1,49725
1,45911
1,31526
1,54011
1,31939
1,20618
1,2856
1,55973
1,66771
1,24833
1,46692
1,55414
1,16711
1,14447
1,28791
1,40998
1,02256
1,59197
1,56537
1,7027
1,56822
1,34782
1,54959
1,39834
1,43932
1,38597
1,16886
1,48475
1,33394
1,16191
1,8486
1,56424
1,22802
1,1866
1,93225
1,32403
1,42994
1,5893
1,37382
1,18224
1,02179
1,47584
1,45307
1,5372
1,48396
1,69114
1,94048
1,21502
1,22874
1,38976
1,47525
1,35622
1,31736
1,2449
1,13172
1,53326
1,28617
1,39496
1,5722
1,17324
1,43017
1,19992
1,21094
1,63667
1,66711
0,92035
1,59969
1,78826
1,42853
1,38725
1,22147
1,57827
1,19557
1,4832
1,16051
1,49089
1,44026
1,47335
1,23643
1,31181
1,46796
1,3012
1,29103
0,98331
1,46384
1,03597
1,47519
1,53263
1,10303
1,54621
1,27596
1,28548
1,47997
1,51717
1,32878
1,21172
1,24512
1,10023
1,1988
1,2827
0,9876
1,24912
1,19056
1,41657
1,50877
1,04276
1,41023
1,53723
1,24771
1,17279
1,39892
1,36256
1,41691
1,4982
1,38794
1,19209
1,3041
0,83026
1,3988
1,28631
1,59412
1,52037
1,22619
1,15863
1,25109
1,37079
1,34808
1,48446
1,45663
1,25446
1,29401
1,24467
1,44807
1,37426
1,4237
1,33456
1,47363
1,26703
1,45519
1,14961
1,51922
1,61061
1,03679
1,15129
1,30068
1,43896
1,3115
1,72691
1,68991
1,17192
1,16807
0,90847
1,56781
1,27015
1,44747
1,31387
1,07579
1,29417
1,39513
1,5421
1,39127
1,38384
1,234
1,46027
1,42327
1,37568
1,4045
1,54602
1,51906
1,40303
1,24004
1,36348
1,0274
1,60397
1,09024
1,25341
1,32149
1,44925
1,67445
1,55962
1,66134
1,41022
1,49566
1,51846
1,36394
1,21574
1,47029
1,3346
1,41206
1,41339
1,44955
1,63393
1,47659
1,61256
1,14806
1,40718
1,26783
1,2518
1,42518
1,56005
1,13215
1,56932
1,12327
1,02319
1,29755
1,08648
1,37485
1,27939
1,59807
1,2797
1,13155
1,17847
1,18812
1,44666
1,17601
1,67791
1,45599
1,46493
1,60916
0,95633
1,54044
1,02455
1,48992
1,68796
1,37597
1,25535
1,57717
1,41405
1,21744
1,65571
1,34217
1,39814
1,54217
1,41558
1,02402
1,23803
1,78981
1,15598
1,72627
1,32384
1,25413
1,29001
1,68292
1,21786
1,74829
1,54662
1,5689
1,65484
1,30868
1,32242
1,1416
1,28342
1,37392
1,24072
1,51354
1,17215
1,36224
1,52809
1,45081
1,71976
1,03309
1,61746
1,47725
1,30596
1,36747
1,39579
1,0747
1,42973
1,5047
1,17726
1,33766
1,09974
1,35771
1,50258
1,40321
1,4266
1,65075
1,29332
1,58996
1,18187
1,25661
1,84215
1,2446
1,48327
1,00585
1,6421
1,25347
1,46622
1,27391
1,31402
1,23946
1,8374
1,19117
1,32978
1,21768
1,73382
1,51199
1,37919
1,07792
1,11077
0,97058
1,5444
1,21797
1,17048
1,14386
1,24813
1,32694
1,61176
1,13449
1,66919
1,21631
1,13344
1,37747
1,1289
1,09049
1,43145
1,14299
1,55008
1,64665
1,39416
1,36632
0,94976
1,4639
1,69799
1,39503
0,98429
1,61747
1,43509
1,32819
1,40066
1,29113
1,79006
1,10245
1,32994
1,4118
1,07406
1,19066
1,55712
1,21269
1,26815
1,31599
1,33782
1,31169
1,60129
1,49602
1,29761
1,54804
1,51979
1,14387
1,21862
1,31687
1,51149
1,28183
1,38537
1,2706
1,25018
1,01979
1,69453
1,38804
1,62544
1,37724
1,51461
1,59696
1,68372
1,31692
1,41427
1,49822
1,29069
1,34955
1,45759
1,50823
1,58455
1,44235
1,46735
1,74031
1,42847
1,02907
1,21638
1,67893
1,39927
1,37784
1,02042
1,38002
1,51041
1,3973
1,22879
1,42312
1,62311
1,34097
1,56901
1,06012
1,10984
1,37168
1,40799
1,49991
1,42824
1,30301
1,34403
1,21582
1,43791
1,30692
1,28757
1,22163
1,50361
1,32765
1,57388
1,29382
1,09198
1,3297
1,43072
1,19005
1,72451
1,46869
1,56234
1,33071
1,36827
1,459
1,72574
1,30516
1,2436
1,2747
1,6202
1,44701
1,46414
1,52835
1,33847
1,19203
1,39141
1,47716
1,24564
1,4923
1,30409
1,26704
1,27172
1,47948
1,19025
1,37811
1,12648
1,26129
1,5913
1,26508
1,51938
1,50046
1,52227
1,39237
1,52
1,4992
1,42458
1,5466
1,40707
1,26311
1,43859
1,42256
1,41284
1,4896
1,45883
1,54458
1,04698
1,28052
1,34638
1,33339
1,13168
1,30277
1,5453
1,24649
1,51406
1,52705
1,48924
1,34327
1,28553
1,32196
1,34319
1,56538
1,20339
1,38606
1,37964
1,37634
1,13483
1,81316
1,65149
1,35198
1,49825
1,1854
1,38648
1,68435
1,60917
1,11734
1,39827
1,25025
1,47679
1,63992
1,26848
1,34638
1,12372
1,30611
1,31679
1,6657
1,36879
1,28906
1,24296
1,35013
1,31593
1,37684
1,32957
1,16171
1,30568
1,31126
1,30863
1,15028
1,51076
1,5304
1,45507
1,33066
1,46411
0,98088
1,51224
1,56913
1,45352
1,68391
1,39352
1,19778
1,33107
1,3749
0,97263
1,21561
1,36122
1,22564
1,09705
1,21895
1,3172
1,14927
1,43411
1,38039
1,51024
1,3605
1,37152
1,31702
1,5353
0,99178
1,44915
1,66232
1,23024
1,34977
1,28031
1,42407
1,66688
1,24101
1,33294
1,30471
1,4426
1,30804
1,42206
1,20681
1,28165
1,39137
1,00876
1,10605
1,34892
1,42637
1,36379
1,31625
1,45573
1,32308
1,0824
1,54605
1,46435
1,48343
1,34128
0,99877
1,36595
1,44593
1,51442
1,32252
1,56778
1,65365
1,33332
1,14885
1,60265
1,54853
1,36879
1,57919
1,51511
1,51212
0,647
1,61636
1,2539
1,19713
1,38522
1,49906
1,46227
1,21425
1,3593
1,36852
1,21421
1,56071
1,29344
1,43055
1,44839
1,49606
1,30552
1,18964
1,06702
1,38694
1,27861
1,20554
1,22459
1,21812
0,93204
1,88872
1,06005
1,43655
1,23215
1,29658
1,51765
1,24291
1,28993
1,12345
1,37996
1,49191
1,16857
1,30308
1,31783
1,4834
1,21398
1,43761
1,33593
1,25173
1,51662
1,31856
1,49256
1,41418
1,41234
1,28196
1,50894
1,44624
1,40949
1,58781
1,68623
1,61015
1,50817
1,53174
1,17108
1,38606
1,49619
1,32513
1,40494
1,20993
1,40465
1,11899
1,01742
1,26637
1,29961
1,30507
1,48962
1,14207
1,00272
1,68069
1,16151
1,36494
1,44071
1,49077
1,22056
1,09274
1,20529
1,31428
1,13471
1,45343
1,4896
1,13537
1,2967
1,23002
1,11927
1,44809
1,22491
1,4042
1,19034
1,49486
1,40896
1,33829
1,32227
1,12896
1,07868
1,24843
1,44534
1,06019
1,41169
1,5626
1,49118
1,47951
1,45751
1,4455
1,51416
1,38085
1,66796
1,45433
1,46203
1,43288
1,4987
1,64172
1,38801
1,37513
1,34128
1,33177
1,46865
0,98585
1,4697
1,36218
1,2052
1,4535
1,56777
1,5328
1,3378
1,08399
1,34955
1,09143
1,50271
1,37752
1,29443
1,3405
1,23119
1,57507
1,37826
1,7604
1,4195
1,27402
1,1619
1,32576
1,1642
1,6041
1,55902
1,20548
1,85187
1,34182
1,44532
1,31795
1,32974
1,51894
1,43838
1,49302
1,23609
1,49111
1,72084
1,32119
1,28137
1,19462
1,54292
1,06268
1,3349
1,42565
1,33051
1,40179
1,27532
1,58963
1,30854
1,7131
1,39849
1,67663
1,4737
1,40204
1,38325
0,84414
1,39517
1,03084
1,10459
1,3738
1,22433
1,25049
1,57925
1,61619
1,26515
1,35774
1,4205
1,43155
1,3955
1,28292
1,42139
1,23037
1,35841
1,22153
1,54362
1,12833
1,14384
1,49201
1,30433
1,13722
1,29119
1,42452
1,13056
1,4954
1,34787
0,9704
1,62196
1,2431
1,1126
1,17659
1,24206
1,57682
1,54082
1,25982
1,14854
1,15522
1,44052
1,3376
1,03386
1,27808
1,06854
1,19977
0,90185
1,05382
1,22152
1,45825
1,48636
1,4958
1,34394
1,39195
1,30365
1,46088
1,48238
1,3623
1,44466
1,37426
1,07732
1,48423
1,44675
1,04413
1,61753
1,45653
1,40802
1,04965
1,22044
1,04855
1,29798
1,2133
1,25006
1,33207
1,15584
1,51041
1,75762
1,36495
1,29005
1,14306
1,3028
1,37209
1,25585
1,64564
1,10012
1,6349
1,5242
1,30436
1,50895
1,45821
1,43548
1,34431
1,27036
0,99313
1,38982
1,64089
1,29678
1,51901
1,68412
1,36446
1,41175
0,96644
1,50912
0,7275
1,27652
1,26355
1,10838
1,58535
1,46682
1,34092
1,60447
1,54857
1,0538
1,63481
1,33782
1,70626
1,29777
1,61645
1,33415
1,23263
1,39321
1,22543
1,34001
1,57834
1,1119
1,25487
1,66439
1,19717
1,61962
1,39451
1,039
1,6073
1,68809
1,38144
1,36168
1,39604
1,22605
1,56886
1,47914
1,27843
1,40586
1,20844
1,45326
1,244
1,26474
1,33352
1,37655
1,31424
1,60736
1,35587
1,1388
1,45172
1,30906
1,24437
1,35549
1,27302
1,41552
1,44766
1,45447
1,37634
1,56063
1,56911
0,92791
1,46342
1,27186
1,42637
1,15975
1,64487
1,60963
1,08094
2,02237
1,42969
1,39183
1,62605
1,21986
1,30503
1,41808
1,38612
1,61902
1,79019
1,15643
1,16232
1,53397
1,49024
1,3102
1,37629
1,3156
1,28451
1,34725
1,56209
1,52157
1,35633
1,53748
1,36589
1,44137
1,29341
1,31349
1,18157
1,48689
1,30991
1,41893
1,54232
1,39173
1,29178
1,0485
1,08143
1,11488
1,15648
1,29198
1,46839
0,98879
1,21965
1,56097
1,62048
1,37388
1,60252
1,0945
1,09827
1,26321
1,38794
1,46259
1,56224
1,39111
1,60409
1,62594
1,43624
1,43806
0,9591
1,15224
1,64928
1,24776
1,42945
1,18754
1,03323
1,32953
1,22286
1,42604
1,51557
1,25074
1,6734
1,31134
1,59568
1,48272
1,04683
1,44867
0,92223
1,38296
1,64486
1,43664
1,43964
1,63204
1,2853
1,60041
1,43185
1,56774
1,41082
1,36302
1,25635
1,57462
1,43218
1,37386
1,2764
1,46575
1,28253
1,38463
1,16403
1,24773
1,30395
1,44964
1,38439
1,53441
1,49851
1,51812
1,18779
1,40856
1,44994
1,03678
1,46287
1,01855
1,55891
1,42874
1,31801
1,26088
1,15556
1,68922
1,20013
1,76244
1,37641
1,37697
1,46714
1,35734
1,32275
1,28544
1,38631
1,29021
1,5841
1,5003
0,97743
0,90341
1,58388
1,38347
1,41651
1,13889
1,59033
1,08101
1,43934
1,45746
1,11454
1,14341
1,53247
1,44534
1,10488
0,87035
1,63431
1,44299
1,1737
1,37741
1,39622
1,59792
1,2986
1,16814
1,31524
1,36135
1,28219
1,37804
1,6024
1,46238
1,38056
1,33588
1,36317
1,72192
1,49344
1,27075
1,43187
1,15901
1,38557
1,5709
1,28361
1,40585
1,37958
1,14662
1,20616
1,35131
1,31506
1,53171
1,52962
1,04872
1,2646
1,38151
1,35078
1,40087
1,2373
1,16065
1,56832
1,42821
1,54288
1,60827
1,61771
1,32573
1,62987
1,31917
1,42636
0,85417
1,78634
1,18743
1,50485
1,50406
1,25228
1,21322
1,33843
1,38625
1,47356
1,47568
1,58212
1,08708
1,26545
1,38791
1,71937
1,50097
1,48209
1,27089
1,33854
1,36783
1,92583
1,49514
1,33292
1,79437
1,33781
1,20044
1,35278
1,3761
1,62763
1,74632
1,14843
1,26875
1,5102
1,68166
1,29664
1,48454
1,18786
1,32103
1,31188
1,40547
1,31435
1,51492
1,34633
1,35303
1,13415
1,43391
1,25459
1,3276
1,28191
1,2064
1,6596
1,1225
1,33327
1,25045
1,39725
1,06218
1,50597
1,14089
1,21339
1,42486
1,20035
1,50809
1,49694
1,13632
1,42804
1,62713
1,27447
1,35748
1,44433
0,93652
1,42218
1,23223
1,3223
1,58946
1,46965
1,49963
1,23778
1,57006
1,01202
1,22688
1,21046
1,32247
1,32008
1,42327
1,11853
1,51891
1,47654
1,10122
1,52999
1,029
1,61339
1,44039
1,50559
1,29419
1,47993
1,66601
1,06846
1,32001
1,24829
1,3718
1,42747
1,54566
1,11441
1,09421
1,48828
1,30917
1,29515
1,47191
1,74142
1,25647
1,37922
1,21538
1,20515
1,16503
1,46621
1,24649
1,40319
1,35957
1,1544
1,23958
1,49828
1,23947
1,38484
1,33682
1,23386
1,3873
1,34008
1,32534
1,11148
1,41801
1,40298
1,4407
1,26184
1,61281
1,50646
1,621
1,52284
1,40024
1,20402
1,35714
1,26932
1,56095
1,55598
1,6361
1,515
1,55318
1,23084
1,20926
1,43017
1,24019
1,21387
1,49402
1,14192
1,25135
1,10768
1,35559
1,77992
1,32827
1,11707
1,70514
1,41906
1,51169
1,21244
0,95686
1,41266
1,02853
1,38691
0,97687
1,10529
1,36777
1,70867
1,28475
1,63852
1,13649
