73,847
68,781
74,110
71,730
69,881
67,253
68,785
68,348
67,018
63,456
71,195
71,640
64,766
69,283
69,243
67,645
72,418
63,974
69,640
67,936
67,915
69,439
66,149
75,205
67,893
68,144
69,089
72,800
67,421
68,496
68,618
74,033
71,528
69,180
69,577
70,400
69,076
67,193
65,807
64,304
67,974
72,189
65,270
66,090
67,510
70,104
68,251
72,172
69,179
72,870
64,782
70,183
68,491
67,330
66,990
66,499
68,353
70,774
71,215
70,013
71,403
69,552
73,818
66,996
71,418
65,279
68,274
72,765
68,099
68,896
69,289
70,523
69,663
67,595
72,508
71,252
71,809
72,245
66,512
66,029
67,577
68,246
73,826
69,802
65,959
71,079
66,596
68,951
68,244
72,316
71,815
65,237
70,640
64,731
67,103
65,117
71,701
66,832
66,471
69,411
70,052
66,743
66,274
68,328
70,075
68,732
67,556
66,253
69,182
67,609
69,292
68,190
71,607
69,196
67,261
73,685
69,537
68,311
67,738
71,705
63,632
68,721
66,949
62,706
72,258
70,908
67,609
70,801
69,304
66,242
67,492
65,806
71,443
68,464
63,987
71,001
68,139
68,395
68,096
68,140
68,860
66,148
66,206
67,432
69,471
70,515
71,338
71,001
66,202
72,543
67,479
65,350
70,844
69,938
64,739
69,308
68,838
61,937
68,593
65,218
64,333
68,748
72,489
67,233
67,263
65,118
66,262
67,701
65,530
69,868
68,481
72,213
68,179
71,981
66,065
66,656
67,599
68,245
64,808
67,492
68,180
69,553
66,402
66,592
71,935
68,287
69,955
71,851
65,755
67,031
76,709
72,571
69,728
72,799
72,539
72,294
67,253
75,944
66,316
71,156
71,192
72,197
75,140
64,411
64,734
63,414
67,848
65,931
70,966
67,580
68,589
70,324
72,394
70,820
65,903
74,795
67,680
67,155
71,774
64,665
68,122
66,786
66,805
67,886
69,173
70,224
64,855
67,821
63,440
71,848
66,728
71,968
76,021
71,476
67,369
70,555
69,867
67,947
74,104
69,167
66,557
66,701
67,246
69,051
70,672
65,498
65,187
67,568
73,815
71,606
67,724
68,231
65,929
71,548
69,164
68,597
71,057
63,644
71,182
66,128
65,057
68,091
70,993
74,221
69,327
64,931
68,346
70,929
61,477
68,490
72,049
72,521
71,233
72,259
67,565
72,267
62,600
66,236
69,650
69,285
70,725
68,828
66,014
66,414
66,615
68,034
70,502
69,157
70,795
65,194
74,785
71,066
69,334
69,899
64,425
67,852
67,549
74,767
71,418
67,120
69,859
68,430
67,933
68,495
65,244
70,185
71,104
68,447
65,420
67,700
74,223
71,167
67,230
67,880
67,376
68,761
71,705
69,380
73,716
69,453
70,786
71,768
69,343
65,286
70,921
68,596
68,603
69,478
65,930
68,523
73,929
71,197
66,556
71,742
69,744
66,750
69,692
70,403
69,019
64,732
70,998
64,459
69,749
71,526
68,327
70,764
71,419
69,390
72,001
69,191
66,166
67,272
70,915
69,119
67,409
72,938
70,490
69,008
66,762
69,120
73,126
67,486
64,955
67,782
67,662
66,476
72,987
69,563
71,003
69,915
71,697
67,649
68,295
68,687
68,915
68,960
67,247
68,915
65,838
64,671
66,295
67,097
66,998
70,961
68,420
67,652
75,620
70,549
68,890
68,284
64,995
65,575
69,306
65,704
67,803
69,216
68,015
61,926
67,266
67,676
69,970
65,313
71,906
66,233
65,814
72,844
70,949
71,343
71,055
61,925
68,762
67,583
67,361
65,879
68,694
69,534
66,634
69,809
68,679
71,615
69,689
70,901
68,005
70,615
71,571
73,012
60,748
69,082
69,338
67,757
76,027
72,227
68,921
65,334
65,932
70,466
73,181
68,550
68,529
63,596
67,144
70,816
73,530
66,141
67,906
71,433
67,112
73,283
63,672
69,225
69,670
70,485
69,004
68,457
66,024
69,318
69,077
73,562
66,087
73,525
69,679
66,676
72,961
68,246
71,956
71,058
66,976
68,478
71,284
64,980
66,761
68,766
68,992
71,295
69,049
66,541
68,515
67,459
71,357
68,590
69,736
69,833
72,410
65,434
66,267
69,974
71,209
69,937
71,386
64,588
68,792
68,445
69,201
69,426
69,606
72,881
62,178
68,874
71,080
72,182
72,062
67,380
67,934
70,801
65,549
70,191
71,778
68,130
68,359
66,090
71,580
73,536
71,115
70,794
71,729
63,196
68,101
65,856
68,346
69,560
68,728
70,158
68,923
64,300
70,455
68,624
69,664
69,058
67,226
66,115
68,617
69,249
69,641
72,797
75,043
70,972
74,388
64,362
71,327
67,172
74,401
63,867
68,885
72,131
68,403
65,092
69,229
71,947
67,462
69,312
63,731
60,679
70,663
67,594
74,649
70,467
71,944
74,025
70,782
64,727
68,383
71,469
66,944
70,796
65,292
61,754
62,480
67,805
69,525
72,500
70,485
66,689
71,291
71,796
73,056
68,853
66,045
73,985
69,251
69,340
70,976
63,561
69,770
65,188
69,978
69,750
71,171
70,572
65,651
67,138
65,918
73,786
67,737
65,544
71,213
65,592
65,667
61,972
73,899
72,342
70,311
67,115
65,932
67,227
70,114
74,841
64,527
70,051
71,833
72,836
73,301
66,393
66,515
69,272
68,231
70,413
69,726
65,510
69,137
73,666
65,892
68,354
70,424
72,080
71,711
65,729
63,898
70,316
65,788
69,827
68,331
67,741
75,033
73,404
69,554
64,539
67,546
73,096
66,553
73,991
70,862
71,568
65,838
70,275
61,773
74,824
71,605
67,260
70,924
75,059
73,100
70,661
67,144
67,123
69,524
65,224
68,410
68,763
67,936
69,237
68,465
65,694
69,430
66,135
70,877
65,973
64,939
68,368
69,525
66,455
69,474
68,730
73,781
76,501
71,225
64,506
66,503
69,210
63,546
69,731
68,608
71,464
69,509
73,759
68,277
72,454
70,769
70,452
68,904
69,238
67,277
71,463
68,840
71,405
70,144
70,679
68,541
71,434
65,220
70,773
69,760
63,962
70,304
70,316
67,405
67,121
68,377
69,578
62,532
69,336
66,787
75,391
70,213
71,103
69,793
66,471
70,713
63,618
70,549
67,402
71,435
68,593
71,452
70,698
71,391
70,485
74,408
63,400
68,399
67,429
70,811
67,110
67,728
68,550
68,619
70,605
67,086
65,311
69,924
68,364
70,869
76,012
67,965
69,765
69,568
71,560
70,958
65,440
70,976
67,992
70,518
69,109
71,605
69,889
66,456
70,291
62,619
66,621
65,350
71,606
69,412
69,893
65,665
64,408
68,626
69,600
67,453
68,169
69,553
65,747
73,122
66,620
69,145
65,965
67,203
65,453
73,030
68,317
66,334
72,361
67,717
70,477
71,162
69,354
70,097
69,297
63,309
67,887
73,202
73,141
70,895
72,142
72,132
71,206
66,252
72,341
68,068
71,397
65,726
67,110
72,215
63,009
69,569
70,404
68,030
69,777
62,078
65,834
70,780
69,571
67,327
67,814
66,682
69,639
64,774
73,962
67,933
66,770
68,936
76,434
68,996
73,501
69,603
72,067
70,489
67,034
66,184
68,694
66,653
69,838
66,245
72,811
64,474
69,754
70,661
72,470
68,171
72,987
70,533
70,046
69,016
73,549
68,118
68,287
71,527
73,396
69,844
70,151
66,299
76,492
71,032
66,631
66,075
70,613
65,203
66,861
73,757
69,898
69,527
66,744
69,074
68,561
70,322
71,949
70,916
70,371
67,796
68,699
69,114
67,697
71,280
71,427
71,043
64,726
67,148
72,291
70,242
64,457
74,464
65,298
72,749
65,718
68,890
73,038
69,860
69,861
71,765
66,820
67,787
69,250
68,929
68,997
66,373
66,376
69,054
65,667
62,752
66,577
67,272
69,836
74,216
71,230
70,762
67,878
67,114
66,539
67,091
68,893
71,882
70,531
69,208
66,854
77,160
68,198
66,795
74,070
69,691
70,482
66,202
71,857
65,975
72,676
69,812
69,043
63,850
64,909
65,045
68,874
69,982
62,709
66,923
67,269
72,122
69,611
65,184
74,080
61,121
68,321
63,952
68,581
64,925
69,659
71,120
62,804
70,811
69,549
67,032
67,396
69,371
74,545
66,556
67,259
66,001
67,283
67,924
66,057
65,844
69,031
70,327
66,534
71,471
70,046
68,605
68,982
73,788
69,072
73,187
68,677
64,922
66,111
67,748
71,813
69,195
67,407
69,876
64,366
67,492
73,122
67,652
68,537
70,724
68,230
67,697
73,716
68,858
66,473
69,972
67,556
74,272
72,093
69,569
71,614
67,138
68,415
78,095
68,642
70,026
74,325
72,231
67,666
66,424
65,071
69,156
67,805
68,238
72,548
74,056
73,236
72,837
68,269
70,071
71,738
68,673
70,182
66,946
67,675
67,903
67,199
66,997
66,029
67,814
71,447
70,079
73,721
66,388
68,196
68,275
65,939
66,871
66,198
73,303
69,285
71,769
63,639
72,161
72,003
68,165
69,084
67,188
63,615
71,720
70,475
72,867
68,162
69,679
63,000
71,758
71,629
71,064
70,115
70,448
68,541
71,333
67,180
73,106
70,887
71,910
73,569
69,801
70,627
66,314
70,269
70,978
70,315
71,513
70,998
66,695
72,658
66,510
66,578
66,724
69,295
68,322
65,797
70,123
69,064
70,907
66,754
68,589
70,973
63,178
69,903
67,733
71,092
70,121
65,788
71,507
71,715
71,454
69,385
70,151
72,109
71,620
69,207
71,105
67,068
75,999
67,986
69,381
71,423
70,471
71,859
72,716
72,921
71,761
74,669
67,323
70,555
65,180
69,731
71,751
68,970
65,041
70,020
71,034
72,871
71,920
73,967
65,664
70,857
68,156
67,177
70,856
63,810
66,949
70,280
70,323
70,566
69,294
74,389
66,892
73,621
69,090
67,542
62,921
68,850
69,611
69,515
69,106
66,822
71,112
67,761
66,560
67,102
69,582
72,280
69,207
69,026
65,435
68,465
71,963
73,759
70,532
69,013
73,611
68,491
64,091
67,972
70,834
71,647
67,311
68,243
65,477
70,711
67,176
67,749
68,454
72,300
65,402
65,642
69,442
67,998
71,692
73,603
67,277
72,124
68,615
65,227
66,327
70,077
66,638
72,972
74,758
65,848
66,601
68,237
69,641
65,252
66,581
68,256
69,007
70,064
71,084
71,104
68,541
69,020
66,887
68,886
68,370
66,209
64,686
67,992
64,737
70,080
66,467
72,174
64,587
74,401
71,288
65,379
68,066
64,699
69,594
72,425
66,729
68,671
69,561
72,771
69,475
69,419
65,806
71,680
66,351
66,468
70,476
68,103
65,831
69,195
72,881
67,778
70,026
71,350
71,465
69,212
68,034
71,967
71,337
72,394
60,363
70,464
71,713
70,542
73,122
62,063
69,080
71,510
70,584
65,031
67,919
68,890
70,708
64,577
70,965
68,795
65,413
65,206
69,932
66,901
67,255
68,506
67,757
66,389
70,209
68,701
70,772
74,955
66,358
66,076
66,838
72,165
68,256
69,445
70,434
72,390
69,227
67,104
70,343
72,385
70,582
67,403
73,438
67,201
74,029
68,902
63,874
68,073
67,777
69,518
68,400
68,883
69,767
65,716
66,227
62,773
67,129
69,895
67,687
69,604
69,702
67,435
68,143
70,490
70,984
71,242
68,485
69,285
64,601
68,701
68,292
65,713
67,847
67,407
66,097
67,612
66,246
67,727
69,044
78,462
70,616
70,404
67,871
70,850
67,903
74,724
68,383
75,753
71,026
70,752
76,294
69,601
69,566
69,580
65,827
67,796
68,390
64,922
68,444
72,673
66,053
61,310
68,274
75,263
66,470
66,525
67,750
71,775
68,997
68,305
73,964
68,751
73,573
66,928
69,351
67,017
72,060
67,877
63,943
66,120
73,815
64,755
67,014
70,878
67,413
66,934
64,680
67,321
68,301
73,803
66,255
67,705
65,854
71,806
65,343
67,968
75,155
63,408
65,102
67,726
72,310
69,443
64,876
66,975
66,908
68,127
70,387
70,505
69,769
68,407
67,294
68,225
67,533
74,406
68,998
68,342
69,002
64,833
73,063
71,601
70,252
71,015
69,368
64,125
70,534
63,399
71,409
69,877
66,875
71,250
73,573
68,167
73,575
69,895
64,879
72,033
67,405
67,629
69,550
66,304
68,697
70,554
66,340
68,368
72,369
67,192
67,531
68,618
68,557
70,300
68,904
69,382
72,611
67,565
69,236
70,062
69,304
74,687
67,554
67,047
72,742
68,356
67,092
74,209
60,820
69,633
67,730
69,790
69,989
64,437
64,803
69,559
68,002
70,491
74,053
71,813
67,271
67,591
62,294
71,954
68,414
69,565
71,089
72,128
72,541
64,729
70,959
70,732
66,351
70,678
66,854
70,172
71,615
70,242
67,846
72,088
68,886
69,735
69,330
68,560
68,630
74,093
72,378
68,415
68,610
65,056
75,572
70,340
73,424
73,279
65,351
74,686
68,955
69,726
66,938
73,995
70,534
72,771
69,633
69,750
66,661
68,875
67,901
71,970
75,464
63,664
69,104
71,052
75,698
71,140
69,922
67,780
67,985
70,761
65,635
73,853
71,792
62,168
64,807
62,758
69,001
69,719
67,559
73,278
69,772
70,886
67,521
71,052
70,378
70,798
69,447
65,090
72,618
68,968
66,540
75,819
72,279
66,854
63,648
68,379
69,632
72,704
73,737
65,934
66,627
68,469
73,459
63,183
67,940
74,709
64,638
71,198
67,396
67,367
70,837
68,515
71,141
67,198
70,716
69,184
73,446
71,649
69,944
74,697
67,867
71,690
72,200
68,098
66,574
70,190
76,456
66,141
65,924
71,848
69,117
73,358
69,052
71,865
71,857
60,798
69,043
68,308
70,992
71,942
69,941
71,912
71,007
72,281
66,276
68,248
72,367
67,495
70,752
71,668
71,522
66,079
70,474
70,950
66,628
65,264
69,725
71,853
66,968
69,230
65,253
72,695
72,813
66,577
62,586
67,767
68,482
67,728
76,617
73,575
67,650
69,754
65,710
68,768
70,698
69,208
74,633
70,354
68,115
71,096
69,983
65,271
67,680
74,067
68,758
69,252
68,805
67,745
71,471
70,655
68,368
71,469
69,378
74,458
72,278
73,074
68,109
67,427
70,821
67,240
71,223
65,796
64,520
67,477
71,356
68,176
67,473
65,656
67,700
62,208
67,445
69,579
69,926
68,861
70,943
71,574
66,502
69,011
68,068
70,419
71,221
70,185
66,481
70,389
68,846
69,566
69,213
71,678
68,507
70,059
70,903
67,114
67,628
70,987
66,878
68,477
66,267
65,774
64,461
65,854
69,902
69,134
70,481
73,507
72,314
73,748
73,541
63,094
72,267
71,119
72,005
66,703
63,571
70,698
75,682
68,162
70,225
71,565
71,657
74,670
66,805
68,024
68,213
72,059
66,704
65,099
68,227
70,277
68,992
72,817
70,483
69,265
66,118
60,966
66,082
69,338
70,796
64,841
66,914
71,196
67,660
68,496
67,140
68,031
71,030
65,624
68,679
72,264
69,807
66,398
67,590
71,089
65,819
68,560
69,718
72,055
67,652
69,762
66,916
71,693
69,034
68,639
68,211
67,456
68,164
70,946
70,686
70,967
74,604
64,948
67,392
70,674
71,703
70,678
70,473
68,423
70,418
71,676
67,904
63,006
66,800
66,017
64,909
68,503
70,024
64,548
72,461
69,963
69,319
69,573
69,674
69,229
64,448
67,451
73,494
70,968
74,695
68,188
69,856
67,197
67,841
70,876
71,243
74,462
69,553
70,607
67,945
72,185
68,072
68,640
68,829
68,020
73,631
67,353
73,841
66,358
72,173
71,408
70,668
65,838
71,765
70,868
69,843
70,408
70,825
66,675
65,986
68,527
68,312
68,262
66,475
64,362
68,771
72,433
70,952
72,509
70,381
72,337
72,056
70,037
69,242
64,369
69,494
64,608
71,411
68,753
67,517
69,440
66,534
68,089
68,019
66,174
70,804
68,212
70,693
71,897
71,279
65,099
66,488
72,021
68,363
69,922
73,187
68,644
69,800
65,420
68,786
66,274
72,387
68,039
71,760
70,920
72,695
71,083
70,091
71,613
75,981
71,299
66,916
71,113
70,598
68,508
63,844
68,819
67,097
66,326
70,026
65,641
67,231
71,293
69,460
68,897
69,617
69,137
68,612
64,821
66,944
68,939
64,031
66,933
69,748
71,094
73,049
74,349
70,184
71,526
68,879
67,675
71,701
68,792
66,686
73,058
73,542
71,827
76,472
70,933
72,439
72,099
68,226
67,760
61,764
68,694
71,477
71,652
71,751
72,162
70,448
68,257
66,802
67,452
69,781
67,448
65,692
61,795
73,608
64,181
69,324
70,404
63,055
67,704
77,446
69,674
71,174
67,973
68,961
74,860
65,735
67,445
65,922
67,661
69,685
71,321
71,358
65,282
71,542
67,064
63,901
71,165
68,299
68,792
59,981
68,362
68,258
75,009
68,446
64,985
70,715
74,430
62,273
66,904
70,189
71,077
76,116
71,276
69,342
68,046
69,295
73,491
66,320
71,873
67,306
68,878
70,786
69,984
67,659
69,162
69,213
68,000
66,361
67,671
67,784
66,863
70,866
72,244
67,606
69,698
68,064
63,118
70,505
74,297
66,518
70,465
67,653
68,324
75,533
65,478
71,365
72,175
67,418
63,703
72,089
65,513
64,011
66,659
72,610
67,006
69,667
65,078
69,218
67,247
70,214
67,170
69,437
70,693
65,057
68,371
66,416
71,116
70,433
67,751
68,821
72,664
78,998
67,175
66,735
67,046
74,013
65,194
67,527
67,769
69,360
69,435
64,981
68,037
72,365
70,133
67,995
67,040
73,164
70,575
69,157
73,986
69,446
69,470
71,531
72,284
67,775
67,799
71,035
68,395
68,774
71,234
67,448
66,856
66,183
66,874
68,591
63,978
66,483
65,869
69,212
73,522
65,198
70,336
69,764
70,680
67,918
71,883
71,127
67,077
68,023
67,968
66,877
70,388
73,567
65,806
70,564
68,085
77,465
72,393
65,438
65,908
75,624
69,643
69,729
69,010
69,010
68,698
70,414
67,888
71,522
67,839
70,293
70,827
69,156
74,147
69,394
72,597
69,329
64,259
62,418
66,229
64,237
72,085
70,248
65,828
75,209
73,462
66,628
67,164
67,990
64,124
70,176
69,522
71,608
68,277
74,564
72,633
73,006
71,960
69,284
67,362
67,285
70,094
64,336
69,868
63,992
66,693
72,435
69,676
67,641
68,414
72,089
70,245
71,370
71,103
69,375
70,136
67,281
70,743
66,367
67,225
68,269
68,170
67,672
66,474
76,569
68,963
72,446
68,041
66,717
70,672
71,472
71,582
67,421
69,533
70,764
67,602
71,238
69,582
73,365
73,498
69,409
71,787
67,599
67,671
68,590
71,352
67,935
67,438
69,994
68,517
66,692
68,481
73,987
73,334
72,560
67,675
69,938
65,325
68,166
69,262
70,031
69,028
69,142
66,782
69,454
71,456
70,351
72,088
69,250
66,700
68,074
63,415
67,427
70,509
68,663
67,126
69,514
59,938
68,025
67,624
69,667
67,350
67,240
71,379
68,700
63,399
72,218
69,932
64,489
71,582
69,711
69,968
72,254
71,795
66,964
68,269
67,035
65,740
69,123
71,163
68,209
69,473
68,144
63,458
67,511
65,937
71,893
64,804
71,729
65,704
72,858
70,222
65,562
67,497
64,821
69,598
67,671
71,906
66,452
68,106
65,077
73,071
66,656
66,933
69,612
69,104
65,482
64,721
69,030
62,948
68,003
67,525
65,193
69,770
74,880
67,672
70,489
64,485
74,397
65,094
71,410
71,651
67,004
69,346
68,536
72,607
68,235
71,136
68,323
70,573
69,030
68,266
71,170
70,324
62,108
69,155
64,257
69,509
73,584
73,405
66,166
71,860
68,586
66,622
70,288
70,402
73,487
64,360
67,778
71,843
68,916
68,055
63,770
66,891
68,783
67,803
63,273
67,378
64,062
74,034
71,317
70,409
69,560
62,346
71,353
70,868
63,754
66,685
67,054
72,738
63,472
71,170
64,464
66,408
67,204
71,253
66,488
71,723
67,979
67,581
68,035
64,963
68,541
67,950
76,806
65,763
70,365
68,312
69,489
71,496
61,226
70,024
75,993
65,739
67,360
70,399
66,384
67,856
75,694
61,461
59,380
66,392
71,091
69,576
67,285
73,621
70,456
65,134
68,360
64,846
71,159
62,813
65,608
72,965
66,044
70,341
64,939
65,873
64,613
66,983
70,019
65,105
67,259
71,980
68,497
70,947
64,682
69,080
67,047
67,135
69,742
68,894
70,253
62,307
70,462
63,714
73,459
71,648
70,143
66,641
70,752
68,152
68,953
71,120
68,847
71,334
74,340
69,329
71,104
71,505
71,579
70,347
66,402
74,517
72,229
73,106
69,558
72,658
65,704
68,011
70,188
70,839
66,071
66,558
74,520
63,732
69,896
75,850
68,388
71,008
68,265
72,391
67,167
69,378
68,464
68,432
68,988
70,616
65,038
73,024
68,720
68,925
75,146
63,154
64,497
69,169
67,117
64,572
69,981
67,290
67,578
70,030
67,285
67,717
71,252
70,981
66,798
66,383
73,513
69,374
68,720
71,539
73,069
69,505
67,268
69,016
72,888
70,710
68,964
70,472
69,006
66,446
68,874
68,423
74,242
69,069
73,401
70,273
74,340
67,705
66,454
69,055
68,035
68,763
70,892
70,865
69,224
68,439
68,253
72,226
70,846
68,787
68,874
66,743
61,675
63,331
64,914
72,963
70,074
66,014
66,683
62,401
69,587
73,084
70,648
72,372
69,263
66,205
64,602
68,368
68,890
65,055
71,536
73,059
65,335
69,798
71,898
69,893
69,260
68,570
74,153
67,502
72,793
68,909
68,720
68,312
61,074
69,573
71,165
71,768
68,161
64,890
66,473
67,172
62,562
70,049
69,326
65,600
69,077
64,872
70,704
63,744
66,106
64,564
71,993
73,075
66,034
70,803
65,204
66,242
65,996
67,516
66,307
60,269
68,697
66,734
67,273
66,560
67,516
69,148
69,416
71,616
70,310
68,395
67,777
70,489
74,706
67,115
67,619
69,071
69,458
65,519
71,462
67,424
72,448
72,088
71,331
69,279
70,768
65,409
62,788
68,278
66,108
69,050
71,212
67,593
65,409
71,273
72,432
70,857
70,171
72,122
70,041
70,246
69,440
68,448
72,688
70,171
73,433
69,895
73,181
68,411
70,116
68,580
64,575
64,911
69,654
69,582
70,035
67,174
70,662
68,000
69,130
68,050
66,737
70,441
69,399
69,947
68,742
65,219
67,504
64,845
69,106
68,957
65,551
65,752
67,564
64,828
66,181
71,172
70,482
67,979
72,309
74,814
74,016
70,236
68,528
65,386
67,290
65,892
74,117
68,487
71,456
69,244
65,493
66,816
71,798
68,074
70,212
76,842
63,724
63,222
67,171
68,949
70,415
70,098
68,224
65,071
64,626
68,374
65,759
71,948
66,705
68,279
72,975
68,131
68,602
65,521
71,429
74,141
65,599
73,035
71,059
65,661
69,569
75,259
71,910
73,541
65,389
67,894
67,919
66,658
73,181
70,127
72,731
68,967
69,475
62,182
68,048
65,594
70,330
72,504
71,154
68,005
72,979
67,718
68,522
66,351
68,180
71,878
71,765
71,153
66,094
70,815
71,301
69,806
65,522
68,558
72,267
63,580
71,044
65,678
65,207
64,838
69,964
67,378
63,230
70,375
71,608
67,087
63,973
67,575
65,192
71,781
72,100
72,372
73,099
69,910
64,560
70,346
68,538
67,789
72,629
67,196
75,946
63,956
69,012
64,966
72,055
66,976
70,280
67,193
65,903
73,696
67,974
65,629
65,823
71,715
73,504
64,032
68,279
74,338
69,811
71,417
73,291
72,087
63,914
72,247
70,597
70,865
71,958
68,153
68,929
66,299
65,273
68,484
65,641
68,868
68,459
69,321
70,464
72,665
69,339
68,568
71,617
68,903
72,664
71,380
70,281
70,710
68,521
61,740
68,772
73,568
66,559
70,309
72,564
73,689
68,141
68,457
73,838
66,667
74,400
67,766
64,069
66,635
69,380
70,001
74,594
68,461
69,581
67,047
71,223
67,073
73,119
66,463
67,786
70,349
71,125
72,297
68,955
67,143
69,966
68,572
68,092
75,885
71,991
68,456
72,467
67,737
70,034
72,192
69,592
71,050
70,809
68,061
73,390
75,341
72,252
66,175
61,678
71,892
62,476
67,966
69,693
62,948
71,359
67,332
67,779
69,161
68,863
67,075
67,303
67,524
68,568
71,566
73,229
69,439
71,623
65,768
72,744
67,231
70,877
69,962
65,872
70,859
71,594
70,050
67,500
65,148
69,022
70,821
70,859
68,054
69,836
63,492
66,631
70,884
67,356
70,440
69,427
68,845
71,329
75,282
68,314
66,778
70,569
66,991
67,608
72,778
72,358
70,639
68,562
68,138
63,393
63,671
69,578
69,101
70,963
70,359
69,244
68,932
72,422
68,434
71,595
72,970
68,721
70,597
70,544
61,136
70,819
67,837
72,354
70,087
65,513
69,368
70,434
69,163
69,082
65,625
70,254
74,261
73,427
68,953
69,309
71,969
69,263
69,322
64,571
69,605
71,977
71,382
68,914
70,647
71,590
71,860
64,149
68,082
71,187
68,260
68,155
66,270
64,762
64,594
67,405
72,117
68,143
69,552
71,803
68,071
68,503
69,241
62,807
63,786
71,458
70,358
70,439
68,384
70,949
71,105
70,135
60,935
71,702
71,159
71,127
70,451
72,363
67,906
67,724
71,774
72,796
70,403
73,143
70,438
68,522
62,494
69,325
71,918
72,063
72,707
67,894
69,893
68,319
71,704
65,540
64,821
68,690
75,427
70,593
71,006
67,363
67,167
72,588
67,719
71,773
60,936
68,275
68,650
67,837
72,391
69,357
69,508
66,970
68,058
73,847
70,428
68,360
75,156
66,118
67,773
60,267
70,779
65,119
66,214
69,017
67,144
69,476
69,741
68,304
71,052
67,962
65,775
70,545
68,854
67,616
63,764
69,717
69,559
70,008
68,111
72,093
73,075
73,903
67,003
65,738
63,861
67,782
68,032
66,528
69,357
65,876
68,359
75,537
67,802
67,864
66,499
64,950
69,353
67,942
67,448
69,639
72,445
67,459
69,948
71,679
64,988
60,217
71,414
68,914
73,609
68,689
74,319
67,352
68,362
69,683
68,843
66,550
68,992
67,318
64,961
71,363
68,748
69,915
73,972
69,068
68,746
67,971
65,806
64,579
70,462
71,330
70,968
65,239
69,501
70,192
68,499
69,191
70,563
69,426
69,777
67,471
64,434
66,900
70,150
66,687
61,611
68,163
69,219
70,065
69,883
69,033
70,717
69,082
68,413
70,102
72,197
71,636
68,647
66,378
69,072
68,858
72,289
65,489
70,639
71,959
71,053
69,780
69,431
72,311
65,809
65,914
70,645
65,234
70,196
64,068
66,819
74,112
69,001
69,996
67,467
74,446
70,119
68,786
67,727
70,839
70,332
69,477
70,967
64,144
70,664
69,491
68,489
66,933
66,857
69,861
66,695
70,567
64,328
64,991
68,128
71,954
68,733
70,962
70,899
71,834
65,712
68,491
70,120
66,867
72,445
70,893
68,309
71,594
68,879
69,353
70,037
68,671
66,467
70,299
72,350
70,379
65,010
68,156
69,923
73,432
63,720
62,258
72,210
74,244
70,114
72,201
68,092
68,041
71,422
72,873
69,641
67,684
67,383
63,418
65,215
69,465
68,930
69,217
68,941
67,452
65,376
69,639
64,790
68,862
67,083
67,038
67,295
70,549
65,404
67,110
66,862
71,955
64,037
61,625
70,959
66,911
69,220
67,374
71,541
71,890
73,610
64,096
70,962
70,280
67,444
69,473
68,743
70,901
66,668
67,788
68,457
69,509
69,769
66,487
72,726
71,490
71,473
64,639
69,689
70,004
67,032
69,885
65,357
64,445
68,286
69,936
68,382
67,510
71,872
72,038
68,688
68,688
67,559
69,515
72,203
71,305
69,634
69,206
67,192
72,169
69,628
67,900
64,766
69,026
69,380
63,012
69,773
70,229
64,935
76,268
66,463
68,411
71,781
67,383
70,095
72,720
70,550
64,484
68,419
67,396
69,761
66,811
69,394
70,419
62,693
71,201
65,035
69,575
73,798
68,088
71,447
68,037
67,774
68,179
72,990
69,907
68,198
68,784
67,568
70,824
73,682
62,951
65,455
72,736
68,840
67,467
61,328
73,358
65,159
71,981
70,863
67,619
68,338
70,347
70,482
67,783
72,460
70,432
71,053
69,622
65,682
70,427
69,578
68,084
72,617
70,956
78,528
66,775
69,237
67,724
72,140
67,799
71,456
66,045
67,673
66,733
69,585
65,120
67,441
69,816
73,413
66,222
69,940
71,839
73,205
73,846
67,320
71,524
71,319
68,194
64,703
74,842
67,890
69,356
70,951
69,197
69,267
68,824
66,946
69,920
69,133
71,843
74,066
66,677
61,890
67,250
63,008
72,075
74,885
70,660
65,737
72,761
67,639
60,721
63,873
63,774
72,362
70,406
68,633
66,404
66,349
70,355
67,524
69,558
66,030
68,507
71,230
67,880
66,873
65,952
70,020
68,295
70,013
69,170
69,776
68,087
69,608
69,755
69,844
71,304
65,362
67,328
69,862
68,768
70,272
68,168
68,768
65,504
69,993
72,318
72,659
69,113
70,030
67,655
71,160
65,077
72,545
65,924
72,350
63,529
72,323
68,466
67,744
67,297
64,066
69,529
70,106
66,774
67,957
66,717
71,415
71,405
69,329
70,976
68,205
68,793
62,453
65,542
71,428
69,089
66,193
71,146
64,970
68,145
62,672
64,526
69,411
66,166
70,187
70,982
69,748
68,990
67,993
69,126
69,163
67,901
67,691
72,430
66,529
67,393
71,816
65,561
68,281
73,649
67,934
67,429
72,005
70,396
67,989
71,583
68,312
69,591
70,094
69,710
69,741
65,426
68,306
67,178
71,678
67,391
71,635
69,716
67,174
70,435
70,790
68,231
69,703
70,691
69,781
67,956
72,268
75,441
68,578
71,675
68,777
69,841
72,384
70,315
72,116
64,704
67,992
67,414
70,065
68,429
66,342
73,005
68,205
67,172
71,472
70,014
74,403
71,453
64,042
65,559
67,545
64,217
72,541
67,497
66,699
69,384
72,587
70,288
71,702
71,330
66,713
73,412
71,795
68,832
74,971
63,275
70,884
69,139
67,269
69,893
73,665
65,528
68,508
69,296
70,542
73,912
67,396
72,738
72,177
68,995
66,668
70,881
70,776
70,071
67,089
66,067
70,874
70,996
68,727
69,759
67,384
67,196
67,071
71,291
62,470
69,541
70,090
71,154
66,881
64,980
70,028
66,145
73,256
69,201
71,695
67,709
70,418
73,526
75,824
71,369
68,146
67,116
70,053
65,419
71,593
71,687
65,411
69,762
74,228
65,857
72,921
70,365
66,273
66,089
61,314
73,976
71,965
74,133
71,603
69,129
65,765
71,887
66,728
67,283
71,816
64,784
70,074
63,234
68,237
68,979
71,671
69,258
70,913
66,286
71,040
66,227
66,585
64,874
68,573
68,938
72,252
72,118
68,374
70,253
72,556
70,606
69,926
69,691
67,543
66,445
66,152
71,802
76,453
63,631
69,282
72,854
67,065
69,142
67,383
68,988
71,452
67,174
67,071
74,148
68,916
69,971
64,739
63,526
66,340
68,994
64,991
69,713
65,377
65,220
66,441
72,550
63,612
68,371
68,961
68,940
65,231
71,622
72,472
69,566
68,401
67,904
71,855
69,513
69,649
70,889
68,891
68,928
73,077
70,182
67,797
69,924
67,893
67,290
68,531
68,267
66,472
71,567
69,563
68,054
69,976
66,822
72,437
69,176
69,331
69,944
70,207
74,604
66,928
70,347
65,239
66,469
69,701
72,215
69,740
72,145
72,755
72,790
66,521
67,445
74,568
70,123
70,485
73,375
67,810
66,372
67,618
62,557
69,035
67,753
68,280
72,346
77,008
67,495
67,075
71,820
67,885
65,216
69,387
70,209
65,927
66,193
66,342
69,757
68,753
67,018
68,741
66,966
63,932
70,064
72,535
71,434
66,254
68,123
69,432
67,930
72,198
71,470
73,782
70,402
72,416
69,237
69,637
65,538
69,481
67,881
67,928
67,505
70,712
68,916
71,401
67,024
65,448
70,478
68,233
71,174
64,430
65,740
68,193
70,284
73,366
73,695
71,856
73,847
74,583
70,052
71,624
68,923
67,155
70,505
67,101
68,061
69,556
67,305
69,674
67,372
67,601
68,486
68,908
71,415
70,045
71,712
65,014
69,156
66,578
64,590
67,882
69,853
66,925
68,982
69,146
66,312
70,533
70,576
63,928
70,556
72,693
72,442
63,180
66,953
78,621
68,554
65,075
72,042
67,964
71,352
70,451
73,686
63,767
66,753
70,352
71,941
72,410
67,788
70,578
71,462
67,903
74,991
67,864
67,457
73,249
64,200
73,042
68,739
70,495
69,158
70,265
69,810
71,177
65,458
67,031
70,204
69,121
64,248
71,124
63,617
69,434
68,950
69,368
68,912
68,231
73,362
70,018
74,308
72,199
69,007
71,968
69,417
62,960
63,174
67,745
73,037
66,383
66,801
65,976
67,546
64,072
68,981
67,997
76,719
70,966
70,304
69,870
73,744
72,031
66,115
66,776
71,448
66,637
71,852
73,614
68,893
72,758
74,195
72,497
69,751
62,202
66,862
66,429
70,410
69,913
70,787
70,183
71,307
64,853
62,753
67,618
72,933
68,676
65,213
63,828
72,107
70,254
70,454
73,099
69,234
69,909
71,017
70,929
70,323
69,496
69,078
75,038
69,958
72,436
71,693
72,657
71,182
68,964
67,342
71,792
69,048
66,324
69,665
65,740
63,953
65,641
69,053
66,423
69,322
67,997
68,915
71,656
64,768
71,355
67,553
65,346
66,074
63,947
69,231
73,884
70,247
64,117
67,022
69,674
69,294
67,698
64,618
63,977
71,230
71,638
67,031
62,642
70,647
66,888
76,239
71,827
69,067
71,301
71,590
68,133
69,842
77,067
67,282
66,796
66,148
68,186
71,845
67,624
68,656
65,605
76,537
70,440
61,514
69,503
63,820
67,192
69,102
69,169
67,151
67,819
68,916
66,116
67,458
68,331
67,730
71,781
67,227
68,802
69,524
68,482
70,562
69,569
64,717
69,827
70,785
68,229
67,030
66,634
70,466
74,293
69,256
69,119
74,383
69,603
69,019
70,706
74,350
71,137
72,123
63,450
68,185
68,866
68,729
66,797
62,332
73,208
69,272
68,923
66,313
70,909
73,640
72,859
70,225
67,640
65,061
69,696
72,286
72,934
70,428
73,873
65,856
67,479
66,407
69,119
74,317
69,505
70,648
68,115
70,881
71,469
67,817
70,564
69,050
65,553
69,754
66,648
68,171
73,339
61,470
69,012
69,872
72,316
68,662
72,783
68,632
68,919
70,939
73,274
66,392
67,393
73,972
69,957
65,426
69,118
74,308
67,434
70,048
65,848
69,546
64,874
66,057
66,533
66,343
71,602
66,134
72,077
67,382
69,201
66,751
73,281
68,585
71,778
71,318
67,084
71,427
65,769
67,412
65,829
73,295
65,186
65,348
72,356
66,988
66,626
69,081
72,109
74,793
71,794
66,113
69,039
64,805
71,110
67,332
69,076
71,090
63,931
69,922
69,741
65,126
71,608
72,906
66,687
69,624
64,084
72,436
71,237
69,055
75,553
66,896
73,298
65,864
68,779
69,342
67,964
69,208
68,509
71,051
71,047
69,504
74,976
68,503
70,626
67,394
65,042
70,813
70,750
72,499
70,421
75,579
65,124
69,371
68,074
71,934
72,121
73,912
65,677
73,379
73,749
64,598
66,308
65,974
68,602
67,136
68,629
71,484
71,547
68,617
72,630
69,743
66,638
68,017
70,603
67,366
71,789
66,413
68,171
67,953
65,334
69,857
65,808
70,896
71,500
74,161
71,983
65,978
69,004
68,465
65,038
73,680
69,553
68,921
67,730
66,950
69,543
70,447
65,701
64,812
75,076
67,542
69,990
73,431
70,201
72,152
71,818
68,267
68,993
68,933
69,746
66,226
64,499
71,106
70,334
68,042
67,112
71,841
71,743
67,449
65,715
69,375
66,643
67,779
73,365
69,157
73,742
69,701
65,844
75,456
65,682
70,433
72,203
71,035
72,464
60,243
71,484
68,626
70,642
70,109
67,133
66,801
66,054
65,442
68,653
69,533
73,933
68,041
69,827
68,570
68,985
68,516
70,108
65,825
66,282
67,721
68,673
72,866
68,999
74,348
70,879
70,187
69,351
70,681
63,769
71,253
69,385
71,464
71,785
65,005
65,975
68,280
67,681
64,600
71,954
71,653
68,444
63,853
67,945
68,789
71,595
69,498
66,171
67,240
71,988
66,858
67,575
68,991
74,629
70,812
70,853
68,550
65,038
69,989
71,993
70,398
68,413
67,086
70,847
67,907
66,352
62,476
67,060
66,756
70,185
69,211
71,176
71,635
70,872
72,189
64,398
67,694
70,475
71,542
70,107
64,059
69,462
68,793
66,359
67,249
71,970
72,715
65,186
71,567
65,840
67,942
72,558
69,096
65,934
63,807
67,319
71,879
68,704
67,934
69,269
64,868
67,180
73,158
65,755
63,369
76,866
68,271
65,480
71,408
67,678
68,671
67,240
64,815
68,023
72,746
67,538
71,759
66,287
75,184
63,488
67,230
67,795
66,381
67,195
71,480
68,179
73,294
77,100
62,605
69,576
75,423
63,090
76,690
66,927
64,116
69,578
71,190
67,519
73,193
71,625
67,768
72,275
65,418
69,543
68,791
75,181
72,308
69,326
64,930
69,486
66,790
70,961
72,993
71,732
60,972
67,524
68,314
69,339
67,926
69,454
68,020
76,848
70,501
69,982
65,895
69,618
68,451
68,240
70,693
67,749
72,002
72,713
66,147
68,376
71,587
70,356
65,888
62,525
68,556
69,196
63,846
73,143
71,925
69,604
68,566
74,040
67,562
73,028
63,756
71,789
67,725
71,529
66,687
75,044
70,789
67,497
72,074
69,105
69,148
69,336
66,878
71,164
70,235
69,845
64,737
72,923
71,184
63,121
66,433
69,606
70,251
69,699
67,862
67,360
70,983
72,871
62,348
63,218
70,174
68,955
70,156
66,673
69,944
64,098
66,299
70,557
73,300
67,017
71,419
69,262
76,600
68,711
61,090
71,850
65,252
67,226
74,853
64,870
67,841
68,681
68,849
70,037
67,543
68,429
67,680
69,168
71,810
73,865
69,762
66,609
66,168
67,143
76,482
69,549
70,001
73,846
68,988
70,643
65,146
65,232
70,103
67,794
68,775
68,029
68,789
68,299
66,937
65,343
66,212
68,949
69,723
62,028
67,262
65,285
69,425
66,071
69,050
68,124
72,717
71,300
70,781
69,783
70,524
67,636
69,128
69,347
68,096
73,768
72,098
72,386
69,538
71,362
67,425
63,701
71,669
74,460
68,507
68,117
63,034
68,737
72,037
69,410
70,949
71,014
73,105
69,193
69,893
71,074
65,566
67,229
72,247
69,442
74,100
69,592
68,643
73,895
72,031
68,485
66,755
69,289
72,121
71,316
67,252
65,640
65,849
65,594
68,836
64,451
67,381
71,366
69,300
70,204
66,710
72,432
69,936
68,502
63,651
72,261
65,904
74,091
69,656
71,861
69,012
68,561
70,230
65,796
66,296
67,798
68,211
72,793
68,721
67,042
70,770
67,522
72,962
66,553
64,395
69,997
69,217
71,453
71,938
68,995
65,034
70,030
68,305
73,113
70,724
68,849
65,936
71,527
72,653
67,525
70,221
73,223
69,684
69,744
69,511
69,812
62,537
71,570
70,459
68,186
70,156
69,672
68,384
61,976
67,107
65,102
68,591
66,374
68,106
67,189
64,708
68,733
68,108
75,690
65,662
70,722
67,553
77,547
68,015
70,762
67,878
68,070
68,464
68,138
70,830
73,166
64,746
64,778
69,347
68,444
69,284
72,333
66,747
67,522
69,088
67,455
70,374
70,329
68,608
71,006
70,944
67,760
71,804
72,939
71,368
72,853
65,757
68,764
68,667
67,536
71,974
65,869
66,908
70,531
67,385
70,513
72,430
70,542
70,196
71,192
63,577
67,839
67,008
65,497
65,531
68,797
70,891
66,327
64,239
65,979
66,036
70,852
68,977
68,925
63,865
68,476
72,136
72,954
67,890
67,722
68,486
69,889
67,656
71,439
73,280
59,868
70,836
65,000
69,031
69,960
67,166
72,761
68,534
66,171
69,163
69,349
69,805
67,428
73,631
68,525
66,675
69,383
69,061
71,250
70,602
65,880
66,531
69,085
72,838
69,153
67,923
67,901
64,485
67,001
68,488
67,178
71,915
69,823
69,768
66,557
68,379
71,697
67,899
66,794
67,907
70,643
61,834
68,735
67,604
69,929
67,410
67,464
68,829
68,388
71,329
70,232
67,297
70,595
69,841
65,111
73,706
69,308
67,905
72,359
68,930
70,876
64,636
69,064
67,685
76,732
67,882
63,150
68,313
71,528
68,511
66,615
68,066
70,287
67,922
71,451
68,088
69,145
69,832
71,775
67,907
66,341
69,203
67,777
71,283
75,330
68,171
66,752
68,540
66,720
72,447
65,241
67,129
65,116
63,750
65,452
66,990
67,309
65,001
67,699
67,266
68,211
67,222
70,030
68,284
68,391
71,929
69,131
69,859
68,541
68,857
73,596
68,332
68,262
71,433
71,279
67,172
68,422
69,469
69,370
65,078
70,319
70,120
68,660
68,431
71,189
67,991
65,344
68,919
69,598
71,648
66,329
67,635
66,887
67,493
68,486
74,677
64,318
68,602
72,499
72,553
64,416
71,687
69,689
68,207
70,047
70,654
67,272
64,794
70,518
68,902
71,229
70,688
67,952
73,921
66,183
65,315
70,142
58,406
72,450
67,495
67,001
68,104
68,254
68,605
72,119
67,236
72,693
63,175
66,570
72,900
74,529
69,428
72,783
70,294
72,212
70,387
71,573
67,564
67,512
72,875
67,652
61,767
69,162
65,659
65,854
69,768
67,012
67,668
74,975
73,504
65,673
67,165
70,378
70,798
71,221
66,752
69,359
63,009
67,076
71,171
66,661
68,502
70,099
69,599
70,695
71,208
74,650
72,197
66,375
65,827
67,683
71,220
73,103
68,173
67,884
66,785
65,941
65,388
70,294
66,765
67,414
69,021
66,730
65,091
72,725
70,534
68,474
67,930
71,542
70,035
67,543
70,930
72,495
69,969
66,428
70,417
71,387
62,430
72,175
67,830
70,436
68,416
71,483
72,153
68,908
66,022
74,210
64,585
71,870
63,958
65,520
71,973
67,366
66,424
71,585
72,760
68,809
68,379
70,474
70,040
70,178
72,831
66,416
73,801
64,276
66,724
70,414
65,399
68,215
68,514
66,669
73,683
70,372
67,851
70,555
66,814
74,217
67,672
67,284
72,614
65,373
72,169
68,083
66,141
67,889
68,130
63,791
67,071
69,388
69,576
72,559
68,007
68,554
67,637
66,067
68,387
69,613
69,789
70,750
70,510
72,983
67,013
70,358
65,673
64,533
63,862
70,809
67,809
67,615
67,902
72,678
65,255
67,512
68,737
70,367
72,040
66,995
71,531
69,682
66,190
66,823
65,851
74,007
66,381
69,828
70,144
71,709
67,530
66,008
67,445
68,931
66,530
71,169
68,912
65,418
70,437
71,268
68,359
73,339
72,300
74,043
68,302
65,142
60,614
68,974
69,484
65,001
70,213
64,992
71,644
72,616
71,046
72,726
69,119
68,973
71,530
65,327
73,092
68,860
68,973
67,013
71,557
70,351
58,910
65,230
63,369
64,479
61,793
65,968
62,850
65,652
61,890
63,677
68,101
61,798
63,371
58,895
58,438
60,809
70,128
62,257
61,735
63,059
62,286
61,827
66,347
65,320
66,103
64,527
56,547
62,739
61,585
62,024
65,311
61,204
67,025
60,211
63,939
63,357
63,685
60,288
63,407
60,631
67,373
66,872
60,047
64,154
63,461
67,243
66,213
64,692
66,199
65,853
65,049
64,477
62,540
61,596
60,950
63,553
62,248
66,190
62,548
66,629
59,608
64,493
64,936
61,379
66,070
63,914
69,619
67,181
63,399
61,213
59,667
64,089
60,578
62,114
56,159
67,449
65,065
65,528
63,149
58,874
66,021
61,525
63,584
59,786
67,149
62,323
65,147
70,628
67,387
68,130
63,488
61,163
70,710
65,208
61,359
62,071
65,404
61,823
62,947
64,363
64,038
69,788
62,822
71,991
61,994
65,804
60,030
64,498
62,049
64,567
60,504
61,214
65,780
60,674
64,789
62,996
63,809
62,279
61,711
64,822
65,535
61,336
57,103
56,445
60,815
61,464
61,924
66,664
65,082
63,493
64,590
61,024
62,247
65,060
63,219
63,229
63,278
66,050
63,037
62,628
61,668
63,444
62,069
68,006
66,534
62,549
65,182
65,226
63,954
63,826
64,091
59,645
64,299
66,157
59,088
63,961
62,407
65,460
64,981
61,817
63,826
64,270
57,961
58,597
62,430
61,218
61,706
67,407
63,041
63,917
66,259
60,967
62,382
65,752
66,252
65,953
62,028
61,520
65,143
65,274
57,442
64,566
57,313
61,839
63,617
64,485
66,114
61,668
63,309
60,845
60,447
58,861
66,563
66,345
62,696
63,113
61,743
61,629
61,526
64,234
61,759
64,830
66,759
67,190
62,955
64,276
60,779
60,628
59,028
63,306
61,619
61,197
63,218
61,979
56,785
62,806
58,751
61,236
63,319
66,909
68,276
58,648
64,062
64,493
64,318
66,537
62,674
64,316
58,061
58,926
66,255
65,665
61,349
64,586
65,465
63,014
64,852
63,181
62,027
64,770
61,456
65,271
64,392
62,598
63,850
65,296
65,129
64,490
62,457
67,403
70,392
61,791
65,333
68,174
64,467
63,600
65,060
61,124
64,676
65,670
65,629
62,811
61,752
63,475
60,894
62,934
64,960
68,504
68,481
66,110
61,104
62,501
63,986
65,502
61,468
63,306
63,012
66,668
59,528
58,987
63,965
61,659
65,875
70,435
62,645
62,965
63,921
67,408
64,072
60,859
62,517
63,599
60,969
63,186
67,151
60,807
65,564
68,584
66,986
59,304
57,397
63,300
63,930
66,394
65,379
61,458
62,070
60,911
67,041
58,445
62,224
60,717
63,568
62,191
59,776
61,627
62,426
60,243
61,099
63,803
60,121
62,151
60,845
60,814
66,640
63,973
62,110
64,623
65,235
62,974
64,720
61,991
63,034
61,722
66,235
64,948
68,004
63,564
65,904
61,582
60,850
61,470
63,236
67,945
64,363
55,336
61,587
67,098
66,470
65,049
61,177
65,942
62,196
66,935
61,432
62,996
62,732
62,164
62,925
62,455
55,668
60,960
65,471
60,892
59,805
64,443
69,007
66,654
64,328
63,785
66,556
65,567
67,803
68,317
67,460
61,455
59,973
62,786
62,071
57,882
59,239
60,848
59,763
63,684
62,635
65,125
57,869
69,909
62,861
59,631
64,325
62,774
63,642
69,825
60,162
62,285
64,328
62,518
62,892
62,396
60,121
62,091
64,255
66,351
64,744
64,404
69,321
61,863
64,560
66,824
64,785
63,731
66,323
66,257
61,705
64,687
69,794
61,161
63,371
66,418
64,642
63,291
61,824
67,032
59,335
61,236
57,923
63,406
64,428
65,236
66,535
65,747
63,731
61,579
59,252
61,456
62,611
68,759
64,597
60,603
64,657
62,453
62,405
64,785
65,087
62,077
66,465
62,547
65,978
60,889
62,750
63,735
63,199
62,148
63,971
61,472
64,948
62,112
63,910
65,241
64,317
65,037
57,313
63,215
66,892
63,973
60,541
65,263
63,458
65,053
63,221
65,652
60,552
60,585
66,674
63,206
68,306
63,580
60,918
61,292
64,829
63,263
64,308
62,587
67,310
64,062
64,241
60,511
64,550
66,036
61,698
63,671
62,967
68,269
63,391
62,488
65,313
65,411
65,820
66,332
65,581
64,340
64,623
65,176
61,834
64,400
64,802
66,700
63,921
64,653
66,229
60,936
62,417
62,985
60,558
62,792
67,303
59,390
63,674
65,819
62,622
64,151
70,155
68,259
59,968
58,417
61,307
63,551
65,428
61,494
62,131
63,435
66,971
64,482
64,176
67,013
62,681
65,282
66,139
64,298
62,633
63,084
63,232
64,818
61,008
64,743
63,144
63,141
64,366
63,217
60,807
60,435
66,377
67,629
63,091
67,535
65,401
58,996
66,568
67,129
61,991
65,111
65,220
61,600
66,295
62,616
69,329
63,238
65,013
60,674
65,386
63,102
63,024
64,495
63,669
62,109
67,068
64,556
66,004
63,826
67,616
66,538
62,537
69,058
64,198
65,065
63,176
62,892
61,500
62,509
65,817
62,699
62,004
64,157
61,025
62,743
62,763
65,548
63,115
63,738
67,481
59,762
64,026
63,932
68,261
60,276
63,238
65,339
62,069
65,987
63,600
58,621
62,351
62,064
65,132
63,780
61,595
63,140
61,387
62,404
63,099
65,287
67,833
60,901
62,011
68,006
64,418
64,742
61,177
69,128
59,761
63,882
63,598
66,500
64,397
67,555
63,487
62,198
65,327
66,766
64,123
66,548
63,791
66,183
65,034
58,399
62,755
61,016
60,410
65,238
66,213
63,374
65,888
62,088
63,925
58,781
65,603
66,290
65,420
68,127
67,399
68,301
68,821
64,164
66,586
68,197
67,910
69,379
64,556
64,997
60,732
66,667
65,425
65,056
66,245
65,328
63,761
66,615
64,705
60,680
63,784
60,858
64,859
65,800
62,633
63,386
62,573
70,664
62,721
67,391
59,559
63,688
63,741
66,217
61,511
62,781
61,945
66,204
63,784
63,128
63,889
66,837
66,055
64,264
61,489
66,830
60,107
65,177
62,458
61,364
63,623
60,772
64,542
65,598
67,517
61,831
57,654
66,162
65,692
58,642
66,215
59,001
67,965
68,258
64,132
65,056
60,213
61,120
69,119
66,739
61,712
66,168
56,078
67,959
63,349
61,450
68,505
61,468
68,469
65,403
56,108
67,464
63,916
64,806
61,224
63,572
58,503
68,160
63,756
66,399
59,567
64,060
61,822
67,763
59,550
62,667
65,941
60,786
67,382
62,814
63,366
67,357
62,565
63,071
62,234
60,679
62,140
60,503
62,183
64,489
65,268
66,788
59,891
66,206
67,902
59,086
69,129
66,811
64,150
63,263
62,617
64,725
63,440
63,402
64,295
60,266
64,923
66,517
64,328
65,341
62,242
60,626
64,469
66,414
68,974
61,984
62,160
61,410
64,747
63,844
66,258
64,604
64,409
67,824
63,732
69,271
67,643
60,568
60,037
59,626
68,333
65,687
68,167
67,518
63,462
63,743
67,073
62,694
67,234
62,803
62,117
57,807
63,413
62,385
62,050
63,778
68,717
65,077
61,560
61,718
64,521
60,771
65,254
63,254
65,042
63,783
62,920
63,271
64,424
65,155
64,242
61,893
62,755
67,711
66,293
58,577
61,651
58,470
64,956
57,947
68,111
60,143
65,642
63,822
67,546
67,450
64,964
62,149
64,601
65,114
64,310
62,659
63,963
64,934
66,690
68,022
62,902
63,665
58,376
62,243
67,277
61,923
61,646
63,132
65,678
61,827
61,666
65,698
59,264
64,520
63,905
60,614
65,939
59,279
66,802
63,790
65,682
67,413
64,765
66,323
63,695
61,750
62,344
66,387
61,595
67,941
64,715
64,505
62,788
69,246
60,949
65,777
70,083
64,399
62,267
65,341
65,880
60,680
64,387
68,059
63,989
64,102
64,749
63,151
60,938
61,694
65,747
68,668
61,685
64,374
60,443
65,606
62,784
61,100
65,020
57,481
59,527
62,196
59,998
62,015
62,590
68,621
60,854
62,145
59,181
61,351
68,603
64,831
63,013
59,837
61,962
61,245
61,739
62,618
65,480
62,211
59,998
65,531
64,246
64,090
62,504
62,643
66,644
68,122
62,008
65,593
63,577
65,563
56,757
58,048
68,590
63,701
63,178
67,632
66,540
62,231
60,578
63,350
67,049
67,518
65,651
62,623
63,500
65,871
64,847
60,257
70,932
59,664
62,195
66,309
65,679
58,858
63,690
63,166
60,597
62,825
62,713
62,205
63,857
60,978
66,700
60,303
62,559
63,008
61,399
64,013
62,100
65,253
68,040
65,605
65,174
63,715
64,967
62,586
66,073
60,666
64,846
62,321
63,524
61,086
64,171
66,261
57,207
63,322
58,980
64,393
66,360
64,537
66,595
64,761
59,765
63,349
63,919
65,268
66,391
64,853
66,895
65,897
63,749
62,495
66,059
62,372
63,442
64,528
64,248
63,456
64,745
63,902
61,072
63,180
64,218
61,498
63,976
61,257
65,656
64,124
67,729
56,630
58,213
60,040
59,497
65,556
63,068
62,864
65,476
67,320
60,406
62,790
64,482
63,794
63,374
62,794
62,894
63,125
61,388
65,058
60,647
63,884
65,207
67,963
62,302
66,771
65,223
64,814
61,305
64,532
62,024
61,781
64,235
62,341
59,030
65,259
63,683
66,894
59,169
59,139
60,966
65,797
66,422
57,540
61,905
65,204
69,190
64,008
63,957
66,269
65,172
61,932
66,813
62,900
62,375
66,842
63,887
66,847
66,504
58,706
63,177
65,151
63,085
62,099
64,588
63,293
64,091
62,205
61,191
67,255
71,438
60,550
62,611
61,879
62,315
64,063
60,194
68,230
65,420
65,640
59,512
64,981
65,877
59,307
66,072
65,190
65,693
62,586
66,410
65,129
65,383
67,179
64,261
64,172
61,103
68,244
63,419
65,880
65,002
61,709
69,436
65,431
64,842
64,889
61,825
63,942
63,921
60,718
63,979
68,636
61,298
60,889
64,122
68,211
67,022
70,266
60,842
62,817
67,690
61,252
66,076
69,336
60,579
61,654
63,737
62,230
65,182
65,497
65,242
65,919
55,851
58,809
63,700
62,852
64,896
63,390
64,235
63,535
66,204
60,394
69,626
67,297
62,590
64,832
61,924
64,110
61,144
64,587
64,361
66,066
59,830
64,007
64,110
61,774
64,056
65,935
63,118
68,804
70,274
62,325
59,815
62,996
61,983
64,159
60,522
64,135
63,727
66,167
67,736
67,832
58,109
61,532
62,894
63,104
64,072
62,410
64,316
65,881
66,624
62,026
61,467
60,825
60,588
60,124
56,856
61,303
59,707
69,598
66,942
58,646
60,709
61,839
66,887
61,041
62,952
66,367
65,674
60,670
63,166
65,646
58,964
63,552
66,646
65,075
59,900
62,031
68,687
67,248
62,523
60,797
58,688
64,861
70,544
66,250
62,759
60,434
64,831
61,630
64,896
63,265
64,435
61,764
60,129
59,312
66,941
63,038
65,537
63,034
63,364
65,222
60,360
68,169
64,743
65,397
62,946
67,109
61,266
65,089
65,284
64,991
64,841
60,190
69,640
57,675
61,569
57,558
65,798
62,952
69,051
64,027
59,499
64,233
65,786
62,198
62,828
60,673
60,784
60,159
58,644
64,294
60,750
66,190
65,682
61,550
63,396
61,945
64,051
64,573
63,497
62,670
62,810
62,656
59,436
64,493
60,693
63,709
59,798
63,524
68,460
66,648
66,719
65,157
69,500
63,037
60,679
59,104
60,002
62,792
61,550
67,480
64,791
62,440
66,553
62,185
65,310
67,836
63,781
61,334
66,318
64,116
63,104
58,212
63,001
59,340
63,030
63,520
62,098
63,182
65,065
68,685
63,036
63,258
63,913
58,190
57,800
65,367
62,059
62,598
63,711
60,113
67,612
58,387
60,910
66,985
60,568
61,621
62,460
61,831
60,870
66,157
60,942
60,496
66,167
64,517
63,436
62,310
62,898
64,512
64,748
63,338
62,811
63,497
64,054
64,347
63,082
64,401
64,682
67,192
63,868
63,313
59,330
62,635
60,421
61,658
60,834
64,619
60,623
64,177
64,706
59,968
65,294
63,842
63,168
65,959
66,148
62,791
65,748
60,972
64,095
66,814
66,423
65,864
59,761
64,106
59,693
62,789
65,928
63,194
66,627
64,531
61,759
67,385
63,276
61,122
64,263
69,995
68,365
67,507
64,043
62,507
63,539
63,040
65,736
66,127
66,194
65,632
62,682
63,737
60,798
63,510
63,433
62,060
64,393
63,822
62,249
63,450
64,082
63,896
62,644
66,435
63,863
63,679
64,751
66,253
62,492
65,481
61,167
64,388
62,719
60,967
62,763
62,211
66,195
63,772
65,804
63,591
59,481
63,709
60,531
67,848
60,015
64,354
64,295
60,659
62,192
60,176
59,640
63,881
64,449
64,088
62,480
62,266
59,708
65,541
66,346
63,244
62,819
68,410
62,716
64,280
61,924
62,737
63,093
58,431
69,358
67,460
62,835
60,280
67,281
69,382
60,398
62,432
62,231
60,076
65,499
61,238
60,180
61,478
68,554
67,978
60,500
62,048
60,183
66,246
65,924
63,641
62,157
67,031
62,717
58,596
66,874
65,179
63,676
63,216
63,466
66,081
64,561
67,099
65,038
62,321
68,375
61,511
63,158
62,215
65,564
64,562
65,095
61,815
64,655
66,230
63,714
61,819
63,552
63,853
63,556
66,155
62,389
68,874
65,248
59,718
61,018
59,109
61,667
62,364
66,034
64,260
61,551
61,627
65,255
64,688
64,205
61,538
62,774
60,124
66,791
64,109
60,132
64,547
64,755
63,579
61,951
62,153
64,903
62,943
58,510
65,686
62,336
59,903
64,684
64,853
60,667
63,787
68,078
62,718
60,925
63,355
67,204
58,323
68,014
60,013
64,113
69,445
65,720
66,378
64,762
62,830
56,949
61,753
67,742
65,257
63,041
63,428
59,942
67,426
63,551
63,595
63,951
62,642
58,619
62,048
65,084
64,554
62,180
60,400
56,678
62,448
65,163
61,921
54,616
55,739
62,276
62,570
62,408
60,177
61,667
67,336
68,780
60,541
63,806
65,737
60,218
62,893
66,682
62,730
65,449
61,706
67,530
61,612
63,939
66,294
68,225
66,643
64,322
67,296
61,865
61,639
62,073
64,367
69,136
63,422
65,880
63,342
66,208
68,786
64,704
64,741
65,607
66,235
65,108
65,769
66,673
61,923
66,062
67,161
56,975
64,081
63,206
57,981
62,636
67,277
69,082
62,379
64,860
62,233
70,642
65,389
63,309
66,265
66,282
63,242
64,415
70,014
69,735
61,890
64,210
62,507
64,255
62,805
62,252
63,060
61,957
59,176
66,382
65,074
60,716
62,644
60,955
68,850
63,593
64,216
64,450
56,789
67,008
68,991
59,760
64,408
61,580
63,150
58,037
66,584
66,982
66,040
64,603
65,935
65,655
60,266
62,935
66,118
64,306
64,173
64,035
62,646
63,565
61,307
64,640
63,897
59,339
66,123
64,665
60,315
66,854
62,859
60,174
63,281
63,136
67,212
60,161
68,966
61,895
67,738
62,064
62,192
64,735
63,959
63,924
63,014
63,349
61,736
65,318
61,835
66,151
66,421
63,526
65,200
65,204
67,462
62,980
62,159
65,393
68,823
68,186
60,042
61,434
67,426
63,578
65,790
62,638
63,823
64,904
62,425
59,747
63,892
65,176
65,781
61,274
57,202
65,011
62,490
59,735
66,481
60,958
62,493
65,240
63,773
58,872
59,821
64,472
62,616
64,261
65,526
62,361
65,025
63,327
68,937
63,464
65,084
60,585
63,204
61,625
58,386
66,650
58,523
63,251
69,445
62,447
63,068
63,287
66,097
64,529
64,060
63,872
69,611
67,390
62,850
62,938
66,160
63,401
65,470
59,997
62,576
60,817
64,085
62,246
64,487
60,398
61,480
64,496
59,922
56,066
67,426
62,640
59,762
65,997
59,809
67,691
61,012
61,789
63,425
61,332
63,999
69,313
61,594
64,885
66,264
64,078
61,926
63,753
63,995
60,303
66,054
68,440
64,687
63,612
57,968
62,993
62,657
65,788
60,245
64,516
64,436
61,825
62,937
61,035
63,411
57,472
62,930
66,202
59,601
63,863
62,981
63,017
66,416
64,986
59,266
68,710
64,434
63,075
67,070
62,747
66,367
60,129
62,745
67,444
64,756
62,190
63,338
66,279
59,894
63,216
69,099
66,163
61,286
60,274
63,217
63,516
61,816
66,555
64,485
60,872
63,608
61,306
63,059
56,098
63,192
63,034
66,921
64,802
64,506
69,303
61,373
65,775
68,458
60,098
62,547
65,600
67,652
64,375
60,913
61,990
59,133
62,866
65,104
61,662
58,632
69,635
67,552
62,180
62,311
60,858
66,166
58,126
65,647
66,475
63,624
62,414
65,460
63,422
61,368
64,121
59,347
65,448
57,790
59,025
66,179
64,014
64,591
65,096
60,731
62,416
59,447
58,490
63,114
62,396
64,218
62,984
62,639
59,735
62,704
58,134
65,734
60,846
63,166
63,504
63,110
69,182
65,113
62,675
63,980
63,650
65,344
64,069
68,378
61,116
64,566
69,351
63,393
56,764
63,832
58,850
66,247
63,074
63,762
62,514
61,827
63,491
61,018
63,489
61,528
62,652
64,193
65,799
63,787
61,186
59,353
62,704
61,926
61,991
58,162
67,411
62,074
65,498
62,615
64,433
63,449
64,036
62,867
61,844
62,795
60,396
61,930
66,472
61,611
62,579
62,035
61,873
64,833
58,917
63,522
62,353
65,873
64,962
66,722
61,311
63,501
64,655
69,420
62,337
63,944
67,614
67,117
60,519
61,835
66,477
68,452
68,178
61,118
63,395
66,324
66,045
64,742
67,511
61,775
65,186
60,425
63,460
62,092
63,664
60,050
64,228
64,334
60,607
63,924
63,767
61,207
64,226
62,011
62,175
59,850
63,642
64,985
62,476
60,185
64,628
61,424
64,374
61,464
64,650
64,187
68,710
64,293
63,582
65,219
66,365
61,616
64,795
60,684
69,534
66,178
65,427
59,167
65,296
60,257
64,432
59,384
64,839
65,615
66,934
63,674
57,764
68,752
65,962
64,271
66,540
66,835
66,727
63,882
57,158
66,793
60,809
67,627
63,043
59,906
61,529
66,011
65,831
62,054
67,044
62,130
60,284
64,981
61,724
67,922
64,843
65,011
65,056
65,220
68,333
66,436
57,795
63,067
59,772
58,118
57,936
58,823
65,544
65,335
63,013
65,728
66,469
63,637
59,623
63,957
62,363
64,088
64,846
62,554
61,278
63,231
63,417
60,124
67,844
63,071
63,400
62,687
62,678
63,587
63,331
58,558
65,068
63,879
65,484
65,203
64,559
60,459
64,920
67,122
72,429
65,231
60,815
61,675
65,499
63,834
64,258
61,708
63,911
59,026
64,799
65,450
61,893
56,885
59,141
63,476
60,664
62,985
69,809
66,475
61,113
66,370
67,381
64,403
63,500
66,190
62,381
63,970
63,535
65,271
62,029
63,804
66,059
65,406
59,394
65,130
62,823
65,279
60,399
59,170
63,993
62,489
65,624
64,337
67,917
63,768
61,019
61,309
63,109
68,297
60,689
57,552
58,707
62,703
64,567
63,080
67,053
61,415
66,535
63,795
63,126
61,757
66,192
61,688
60,918
62,366
67,334
67,443
65,697
64,497
67,217
64,673
66,085
61,745
64,977
63,192
61,737
64,217
66,189
62,788
62,303
61,976
63,179
63,562
63,806
58,720
65,440
63,317
63,132
62,190
61,214
64,715
66,738
61,862
63,155
67,419
62,657
67,990
63,138
64,130
57,072
68,414
62,594
69,406
63,153
58,117
65,284
60,760
67,588
64,428
61,153
61,811
67,122
62,549
67,143
64,798
65,965
62,087
64,189
64,624
62,264
62,778
63,074
64,264
67,418
64,355
65,962
63,732
70,360
66,054
63,878
65,817
54,873
62,199
67,434
67,070
64,053
58,404
59,150
65,481
62,097
66,358
67,868
65,425
63,799
67,022
65,860
62,356
58,722
73,389
64,258
61,190
60,380
66,620
63,953
65,946
61,860
66,683
68,264
68,731
62,311
63,075
56,810
64,093
65,337
61,968
68,097
62,745
61,866
61,727
66,209
67,151
66,138
64,446
62,369
60,640
64,518
60,388
59,939
60,916
67,999
65,909
62,988
63,383
68,611
64,096
67,111
59,515
62,235
64,939
67,724
63,935
65,215
63,758
63,997
65,881
67,679
64,390
67,031
57,112
62,899
64,045
67,781
60,013
61,440
59,742
64,335
61,043
64,633
66,094
59,605
65,499
66,105
67,106
61,301
60,822
61,378
68,937
64,912
65,302
62,485
67,479
59,424
66,902
62,847
61,435
64,650
59,368
64,830
63,505
59,908
67,208
60,143
64,281
67,945
61,454
62,343
61,958
70,742
62,033
64,269
63,148
63,712
63,981
64,926
63,336
69,861
65,912
67,125
66,222
63,328
61,916
57,783
58,738
63,020
61,017
67,674
60,834
63,332
66,499
60,925
62,817
62,844
65,690
60,942
60,331
65,073
64,548
65,377
62,251
65,569
68,303
64,715
62,980
60,754
59,997
61,217
66,185
61,286
62,834
63,099
63,814
66,172
65,145
57,258
58,425
66,819
63,694
61,266
69,434
62,983
64,063
64,853
67,811
62,819
60,570
61,622
66,295
61,253
66,325
65,431
63,688
60,298
63,611
63,540
63,853
64,852
64,673
61,387
62,829
60,181
63,476
63,913
63,677
61,211
63,851
64,658
62,724
60,051
64,083
65,211
64,050
67,107
62,842
66,981
64,001
67,324
60,228
61,719
62,807
61,442
64,506
63,456
66,449
62,356
63,620
65,168
57,148
64,524
59,956
64,945
70,454
66,533
62,566
62,361
62,357
66,938
64,756
65,673
67,100
61,415
60,149
61,269
63,337
60,859
66,834
64,753
57,270
65,591
62,166
58,622
63,237
66,218
62,670
65,043
70,837
60,573
61,984
57,647
58,680
59,083
64,598
63,368
65,567
62,337
63,447
58,531
63,769
62,799
69,169
65,152
56,741
62,397
62,968
60,320
65,203
64,619
58,913
65,022
65,949
61,650
63,891
64,955
60,684
61,135
62,074
61,524
60,168
64,574
68,709
63,470
62,534
61,736
66,489
57,553
62,321
65,363
67,218
65,252
67,757
60,946
58,839
63,533
67,016
61,350
62,989
62,044
60,305
62,593
65,655
63,928
64,035
64,740
67,069
56,737
69,894
63,472
64,378
62,811
62,706
65,400
67,863
67,770
66,088
65,788
60,236
65,865
61,190
70,020
66,564
64,467
63,619
66,228
59,443
62,168
65,222
63,112
59,632
58,972
66,297
69,641
66,425
65,638
65,072
64,456
55,148
64,520
63,652
63,884
63,720
66,597
68,035
64,630
68,748
64,128
65,009
60,754
59,490
61,967
61,984
63,088
60,419
60,101
65,367
63,924
64,433
61,699
67,935
60,150
67,755
69,323
68,984
66,613
63,095
63,050
60,646
66,484
63,082
63,757
66,794
62,960
66,108
60,826
62,754
61,439
62,119
58,087
60,686
62,388
66,186
61,673
60,941
65,374
62,325
61,686
63,949
65,899
59,577
63,043
65,690
64,652
66,234
66,689
61,744
64,341
63,985
60,334
65,270
64,908
62,242
59,337
62,969
64,167
63,195
64,416
61,494
68,533
61,626
65,939
59,242
63,957
64,206
59,413
66,503
66,986
60,974
65,820
63,860
67,113
65,849
66,650
60,953
65,408
63,414
63,870
61,193
64,616
62,385
70,664
63,261
66,889
66,078
58,996
64,922
65,306
66,109
69,125
61,803
66,538
65,511
63,990
59,394
61,383
63,897
61,972
63,249
69,443
63,655
61,205
61,987
60,220
64,172
63,704
65,264
63,467
62,731
62,021
61,576
64,568
61,452
63,573
61,083
64,678
65,551
60,783
63,812
64,960
60,192
61,510
66,706
62,114
66,917
66,337
58,592
65,335
63,055
61,927
64,925
68,291
62,689
62,680
66,317
65,070
62,433
64,185
66,529
62,180
61,648
64,819
61,412
65,286
67,311
66,337
62,281
62,941
61,079
65,248
67,983
60,474
64,747
63,217
67,387
61,622
65,964
62,440
66,386
61,177
61,233
62,848
63,347
64,428
68,254
65,251
68,026
64,186
68,101
62,369
64,683
64,580
67,384
64,240
62,675
66,532
60,072
69,186
62,409
63,341
64,494
63,121
64,220
59,049
66,148
63,034
62,776
62,472
65,872
66,203
63,420
64,934
65,263
65,371
65,373
62,268
66,287
68,407
64,526
58,256
61,324
64,300
63,789
64,728
67,714
62,518
65,956
63,716
63,704
62,570
64,855
64,009
61,815
62,536
67,638
68,709
67,138
66,889
60,623
60,415
66,906
62,599
64,402
62,361
62,188
65,238
62,140
72,264
60,598
62,266
58,301
64,365
62,665
67,423
67,828
58,866
62,066
64,101
60,239
62,211
65,283
67,972
67,720
64,121
63,098
65,708
65,129
62,045
63,626
61,068
69,005
62,930
63,020
60,458
64,869
66,652
60,042
63,379
63,465
61,991
69,247
62,637
65,769
68,900
63,665
64,611
61,530
62,723
66,317
67,058
60,141
66,151
64,311
61,104
63,437
67,979
59,086
67,099
63,864
67,352
65,006
61,979
60,552
66,244
66,709
57,849
59,939
61,765
67,407
63,765
65,287
61,981
70,629
62,327
69,952
71,277
64,618
69,470
60,755
68,373
62,047
63,384
67,461
61,078
64,656
62,625
58,211
63,052
63,632
66,858
61,955
66,114
62,834
63,530
64,689
64,539
68,517
60,867
61,041
63,086
61,512
68,893
64,358
61,190
63,546
65,626
66,417
65,418
64,854
61,351
65,360
65,243
67,236
62,867
63,249
64,832
60,005
60,483
61,225
67,077
67,913
65,881
61,509
61,643
61,910
60,621
60,561
61,895
67,742
62,561
63,279
61,865
61,531
62,675
59,029
63,172
59,327
66,828
64,304
63,571
65,147
67,300
62,813
61,076
61,571
66,132
58,145
58,771
62,826
62,202
61,333
61,713
61,045
59,879
56,105
58,963
62,630
59,917
66,035
59,244
63,341
68,197
62,821
66,674
66,343
62,715
62,879
68,142
61,549
63,992
68,733
62,605
63,978
63,948
60,980
63,517
65,119
64,699
59,474
62,830
63,292
64,240
64,450
63,888
67,323
66,245
66,614
63,257
64,402
61,789
62,719
68,014
62,155
68,129
64,916
64,425
65,766
63,215
62,732
58,960
63,633
62,315
57,137
63,857
61,772
67,915
61,783
61,946
61,787
61,299
61,223
63,167
65,118
63,808
60,287
65,803
62,641
65,518
60,923
59,447
62,415
65,061
64,359
62,701
64,229
61,157
64,014
64,216
61,531
57,714
70,423
69,156
64,762
62,093
67,430
66,862
61,824
67,778
65,304
65,524
63,848
60,669
62,120
60,414
64,574
60,177
63,818
62,625
58,948
62,069
60,452
64,489
65,617
66,866
70,361
60,230
63,305
59,587
65,323
61,963
61,633
60,221
62,444
61,438
65,032
66,834
61,279
62,264
63,690
61,230
59,247
65,077
63,336
65,128
66,367
59,627
66,744
66,566
65,190
63,725
64,640
68,222
60,765
65,078
59,773
67,008
71,552
65,604
67,713
63,213
61,254
65,638
59,248
63,263
63,285
66,506
66,835
60,561
64,478
63,732
68,144
65,383
63,352
63,585
66,538
66,644
62,442
59,588
62,055
67,999
64,635
60,145
61,498
60,466
61,488
65,533
57,837
65,041
64,181
63,430
62,490
67,386
64,763
63,581
63,798
60,977
61,735
64,191
60,552
67,182
65,875
60,336
59,125
68,187
62,621
64,762
63,717
62,788
66,341
64,845
65,755
66,306
64,237
63,104
62,780
63,473
66,749
66,529
64,942
64,254
65,643
66,662
60,209
64,553
65,522
64,163
63,424
68,575
67,460
65,586
67,383
65,300
68,697
62,881
64,502
67,129
63,893
63,947
61,233
62,365
63,881
67,260
61,980
61,938
65,123
59,949
58,670
61,458
66,339
67,584
66,114
62,735
62,737
60,594
64,263
63,589
60,522
65,650
64,368
68,094
61,402
63,655
56,167
60,859
65,493
60,090
65,158
60,580
59,847
60,179
63,807
65,159
61,230
66,256
62,299
67,342
64,482
65,409
63,319
69,998
60,779
62,713
64,063
67,260
62,227
59,223
58,369
59,977
62,232
61,404
66,692
60,829
65,632
60,191
66,098
64,405
64,894
63,863
61,217
70,000
64,487
66,988
58,300
64,356
67,409
66,936
60,731
65,197
59,955
65,740
63,174
61,414
61,953
64,736
57,233
66,001
66,035
66,124
59,873
64,258
64,523
70,398
67,683
60,979
64,961
62,826
63,183
64,943
62,684
64,826
63,740
69,822
63,335
65,799
61,837
59,548
62,126
65,324
66,614
63,734
60,164
65,693
64,390
65,343
66,284
64,140
64,889
64,700
59,908
62,433
64,772
62,906
62,263
66,038
69,211
61,319
60,081
68,985
61,792
62,907
64,600
60,518
66,923
63,067
65,532
65,017
60,350
66,170
68,090
63,790
61,894
65,716
64,941
62,564
64,072
64,644
62,283
68,070
60,000
61,691
69,804
63,577
63,503
62,499
59,408
60,575
67,053
64,268
66,136
64,311
62,834
60,718
65,289
61,812
60,980
65,394
65,268
65,126
63,499
63,008
61,849
61,082
66,413
69,729
67,431
64,453
64,538
60,451
64,830
64,153
69,610
60,741
65,524
66,121
61,084
63,692
63,983
66,739
64,120
64,770
62,804
64,506
64,147
60,320
62,187
66,915
63,946
64,790
65,013
64,815
64,886
63,130
65,332
62,275
61,152
63,338
61,542
64,637
67,320
65,658
66,420
63,245
64,073
62,293
61,621
63,539
62,615
62,210
59,533
63,214
64,325
68,678
64,589
63,577
60,900
63,998
65,706
64,041
58,757
59,893
66,559
61,662
62,134
61,318
70,175
62,157
65,125
64,161
59,547
58,996
66,178
63,653
62,015
63,716
66,111
65,109
58,187
62,308
63,825
63,986
61,810
65,046
66,947
68,316
65,096
71,070
69,140
62,218
62,840
67,225
60,270
62,950
68,999
63,504
62,553
63,944
67,022
64,680
60,035
59,464
67,539
61,773
63,548
65,761
69,180
64,798
67,200
61,623
66,014
61,334
61,610
66,227
62,193
64,152
58,892
64,298
67,555
61,389
65,860
61,103
66,042
62,022
64,274
59,758
62,781
61,528
63,905
64,892
61,802
69,099
64,983
62,323
65,322
64,234
61,323
58,155
62,594
64,678
63,957
67,670
63,635
62,565
67,895
67,953
65,036
59,838
66,394
65,349
64,392
65,508
65,174
63,174
64,839
60,295
59,815
63,167
64,285
62,638
65,654
59,531
66,495
60,542
61,575
65,487
63,113
64,991
64,904
67,602
59,264
62,214
61,660
60,483
63,423
65,584
67,429
60,921
60,843
64,569
67,590
66,446
58,521
63,768
67,700
61,878
62,985
61,859
59,479
62,939
64,829
64,579
61,789
65,241
64,368
63,788
64,901
64,115
64,322
64,465
67,097
61,304
65,966
65,946
68,194
61,909
64,978
58,777
61,585
68,222
66,228
66,618
63,866
63,486
67,087
66,692
67,348
64,031
63,060
61,111
62,173
62,421
64,194
63,953
63,381
62,909
70,543
69,111
64,120
65,031
65,270
68,759
64,878
65,278
61,535
66,776
61,652
62,993
57,598
65,879
61,979
64,247
64,634
57,445
61,933
60,330
64,119
67,520
66,714
59,864
60,725
62,914
68,804
68,423
59,785
64,684
62,962
67,261
72,088
64,110
64,501
62,607
66,161
63,125
64,035
63,824
62,163
64,712
61,789
62,396
62,365
60,961
63,495
58,343
61,143
59,836
60,437
66,320
69,381
66,423
62,554
64,037
68,575
62,602
66,060
59,617
62,896
63,180
69,305
62,972
62,179
62,054
63,676
63,979
63,844
67,415
62,193
60,150
64,579
64,606
60,857
66,437
69,190
62,088
61,683
64,608
66,193
66,156
61,084
63,796
62,851
63,895
62,026
63,103
60,658
55,651
64,973
61,590
60,606
61,528
67,779
66,976
65,714
63,521
66,747
65,060
66,324
64,410
66,651
62,783
60,678
62,898
67,760
65,952
62,535
63,904
65,991
61,882
60,773
64,741
66,110
60,333
67,735
66,207
67,408
65,029
61,906
66,212
66,309
64,729
64,297
64,024
65,816
64,634
59,556
70,817
66,646
62,857
61,426
70,950
65,070
63,271
67,119
62,572
60,440
61,201
66,799
64,137
66,877
61,574
69,466
70,697
62,345
62,719
64,323
62,890
64,603
60,907
62,457
60,709
66,838
63,390
65,820
67,713
61,594
65,889
62,882
64,837
68,618
67,303
58,371
67,599
68,173
66,792
62,370
63,417
66,400
60,848
66,423
60,584
63,388
65,361
66,342
62,589
61,430
65,088
62,686
65,672
61,508
63,921
61,197
64,728
64,649
60,861
67,472
62,208
61,633
63,182
66,419
62,105
65,435
63,425
62,195
63,209
61,832
59,437
61,094
60,655
64,379
65,655
60,911
63,077
63,963
62,736
58,838
65,600
62,523
63,975
66,540
63,119
60,786
61,179
57,830
64,363
64,341
66,386
66,469
62,874
63,461
64,101
63,666
64,659
65,246
65,072
60,383
61,670
63,519
62,072
63,178
64,984
62,851
66,183
60,388
65,193
58,225
64,838
65,974
60,723
60,692
60,876
62,804
66,093
64,795
68,138
61,930
64,123
56,548
65,780
62,410
64,875
63,006
59,816
59,986
65,928
67,166
63,240
65,146
62,889
65,002
61,191
65,017
62,995
66,355
65,325
64,267
61,864
63,745
61,413
66,837
59,401
60,252
60,349
64,625
68,240
69,222
68,632
64,236
65,674
67,719
65,623
62,063
63,199
61,934
63,930
64,085
66,387
67,912
65,933
66,503
62,604
64,194
61,970
61,601
61,475
66,236
59,354
66,449
60,056
58,602
62,735
60,580
65,651
64,017
66,113
64,648
63,018
62,119
61,501
66,316
62,744
69,813
65,361
62,116
67,865
59,891
67,365
58,761
65,046
65,923
64,430
64,405
66,868
65,110
62,373
63,437
63,719
62,799
68,025
66,161
61,068
62,060
69,470
60,837
68,608
61,552
61,496
63,292
67,438
61,312
67,856
68,137
66,261
66,084
66,290
61,565
58,779
61,775
61,982
61,676
66,684
62,475
65,567
65,516
67,139
68,152
58,611
64,334
64,852
62,548
64,281
65,625
59,118
64,413
63,480
58,847
64,030
59,502
65,067
62,845
63,197
62,523
67,409
63,173
65,916
62,644
63,016
70,078
62,935
67,019
60,259
65,602
66,431
63,930
62,550
63,805
64,333
67,537
62,304
61,516
62,777
66,213
68,642
63,296
58,525
60,340
61,433
65,475
60,484
62,000
59,667
63,803
62,868
66,406
62,554
69,665
62,158
62,694
66,678
61,674
60,011
64,625
59,978
64,821
66,932
64,619
62,537
58,906
63,847
67,635
64,054
59,926
65,922
64,286
63,384
64,882
64,077
67,264
58,345
63,858
64,418
61,898
63,730
66,878
63,223
61,529
63,321
62,253
63,804
66,100
64,946
61,191
65,579
64,436
61,019
59,860
63,741
66,596
60,587
64,460
63,139
60,762
56,822
69,363
62,320
65,855
62,128
64,659
66,705
68,311
64,577
64,002
67,435
63,485
61,213
67,126
66,957
69,373
62,277
65,462
70,337
63,900
61,509
61,029
67,079
67,525
63,571
59,321
65,569
64,803
64,004
60,457
64,950
66,674
62,309
65,129
60,091
60,808
62,150
66,249
65,928
61,909
61,744
62,241
63,007
63,951
64,429
61,707
59,477
65,209
66,465
64,874
63,842
59,157
62,995
64,567
62,250
67,071
64,015
67,167
65,363
62,246
64,406
67,674
65,191
60,586
61,937
66,791
63,961
65,907
65,742
63,593
65,631
66,313
63,190
65,021
63,939
64,725
62,808
65,008
65,388
61,179
63,260
60,994
64,341
66,000
61,156
67,684
63,384
66,275
63,023
65,913
65,396
65,454
65,650
63,919
62,335
64,179
64,944
64,271
66,758
64,390
65,116
60,835
62,700
63,649
62,984
58,617
64,430
65,272
62,482
66,976
64,453
64,672
62,266
61,638
64,186
63,422
67,119
62,126
63,864
64,475
65,256
58,435
68,879
67,818
64,777
64,044
60,626
61,851
66,750
65,823
61,109
65,140
61,617
66,604
64,490
60,573
61,174
62,217
63,698
64,339
68,360
60,634
63,825
63,062
65,488
63,683
64,159
63,098
61,176
65,725
60,901
64,399
61,300
62,233
65,738
64,330
63,928
66,637
60,108
66,662
64,637
66,321
68,939
65,713
65,414
64,018
64,087
60,421
63,545
63,250
63,576
60,635
61,773
67,115
62,066
62,499
63,463
66,803
63,347
63,748
64,945
65,899
58,954
67,882
66,758
60,989
63,347
60,878
61,199
68,206
64,553
62,333
62,778
64,782
61,741
64,963
61,391
62,764
62,302
58,386
61,130
63,443
67,600
64,034
65,883
63,696
65,498
59,685
65,592
62,428
64,209
62,760
59,878
63,905
64,894
65,078
66,699
63,916
64,604
65,107
61,407
65,839
64,609
61,842
65,636
64,060
64,835
54,263
64,121
64,120
61,330
62,839
67,132
62,016
62,234
66,596
63,858
60,630
64,765
62,181
64,744
65,951
62,883
62,144
62,009
60,615
63,293
63,221
60,926
63,776
62,952
60,032
67,968
57,165
66,160
62,965
63,766
64,501
62,479
63,625
57,798
63,806
61,996
62,234
63,443
62,204
65,113
60,977
66,774
63,798
64,405
63,600
62,004
64,108
64,316
64,831
63,456
66,938
64,747
62,597
70,654
66,943
62,800
64,587
64,171
62,191
62,099
67,771
63,382
66,027
61,873
65,041
60,798
60,581
63,254
61,355
64,730
64,654
60,816
60,570
67,109
60,620
61,912
64,141
66,263
62,643
60,303
60,800
63,944
62,282
62,713
64,456
60,944
61,619
64,079
61,647
64,722
60,529
64,062
60,519
64,869
64,649
62,401
61,307
62,865
59,121
63,658
63,391
62,531
62,954
64,464
65,476
64,705
65,165
64,849
64,250
64,723
68,116
66,043
62,922
62,951
65,861
67,259
62,450
64,570
62,119
62,233
68,238
58,580
66,064
64,907
61,783
64,385
66,696
67,898
63,766
62,396
63,360
60,138
65,688
65,729
60,725
64,960
63,255
65,818
63,468
71,122
63,384
59,639
60,601
62,726
60,638
66,158
67,769
60,521
69,300
64,025
65,125
63,562
63,307
67,585
62,670
68,394
61,302
64,718
66,982
63,792
61,611
60,560
66,212
62,032
63,058
62,579
63,558
65,793
60,832
66,654
63,571
67,948
62,395
65,737
62,734
63,397
64,160
56,994
64,466
61,428
61,789
64,691
63,060
59,104
68,685
67,809
62,494
63,181
63,178
65,781
65,223
62,993
65,181
62,561
64,680
62,020
67,726
61,964
62,328
65,243
64,989
59,913
63,628
63,722
60,011
65,875
62,384
57,851
67,783
61,894
59,766
62,527
60,327
66,185
66,850
65,586
61,708
60,037
65,727
65,620
60,026
63,802
57,786
63,040
60,694
61,146
59,822
63,853
65,459
63,389
63,832
62,702
62,396
65,386
63,958
63,763
62,935
65,348
62,554
66,721
62,502
60,096
66,302
66,442
63,952
60,246
63,032
60,970
63,321
65,489
61,405
62,768
60,188
65,008
70,220
62,678
60,905
60,759
63,737
63,552
62,534
65,564
58,656
67,519
66,071
63,573
66,152
64,215
66,015
62,964
62,008
59,546
65,483
66,956
64,349
64,992
63,629
62,299
64,019
58,710
67,156
57,353
63,785
63,465
59,773
68,284
64,877
63,351
66,411
66,249
59,045
66,315
62,510
69,416
63,843
68,836
65,636
62,452
65,022
61,577
65,776
65,630
60,144
60,252
66,697
59,759
67,660
62,511
59,309
65,982
67,220
63,246
62,557
64,408
62,481
65,164
61,997
64,083
65,208
65,094
63,329
59,416
61,407
63,109
66,534
61,432
65,230
62,938
58,657
64,047
61,923
61,233
64,694
62,466
64,507
66,915
62,101
67,271
65,707
64,830
58,032
64,717
61,206
65,069
58,516
66,724
67,326
59,041
70,350
65,861
63,385
65,637
62,632
63,696
62,771
66,483
65,858
67,581
58,137
60,724
65,135
67,152
61,901
65,071
63,909
62,260
64,411
65,264
67,207
61,791
67,043
63,106
64,210
63,792
62,417
61,592
64,647
66,599
64,659
63,859
60,886
62,578
60,599
60,155
61,143
61,491
62,503
63,740
60,754
63,332
65,367
63,726
63,883
66,688
61,593
59,788
64,641
64,158
67,811
64,500
65,390
68,664
67,156
66,697
65,838
57,995
61,095
66,708
64,223
66,272
59,795
61,569
64,485
61,504
62,411
62,900
63,220
68,281
62,844
67,413
65,536
60,957
65,048
57,699
62,057
68,107
66,538
63,036
67,780
60,884
66,842
65,075
66,356
64,642
61,353
62,391
65,679
61,999
61,801
63,033
67,131
59,790
65,037
61,838
62,968
62,283
63,801
62,867
65,956
68,287
66,691
61,108
66,277
63,716
59,437
66,151
58,685
66,582
66,630
63,180
65,874
62,376
67,431
62,788
68,059
66,755
65,908
65,393
61,241
64,500
64,321
62,961
63,686
65,307
64,828
56,534
56,975
69,071
63,855
63,684
61,043
66,317
59,839
65,662
61,495
59,634
61,345
63,845
65,176
65,816
60,025
68,828
62,555
61,726
64,710
65,664
66,479
62,201
61,504
61,630
62,720
63,583
60,757
66,118
65,239
64,623
64,632
64,507
67,219
63,783
61,551
63,732
61,200
62,743
66,547
62,885
61,581
63,520
61,597
62,894
64,174
62,433
65,956
65,232
58,260
60,025
63,805
60,571
64,447
60,442
61,509
65,031
64,310
66,014
65,700
65,843
63,382
68,829
63,739
63,991
55,979
68,977
61,083
65,979
64,991
61,803
62,980
62,776
62,089
64,966
66,588
64,895
59,242
63,378
64,787
66,064
65,052
66,419
61,076
64,893
62,127
70,751
64,720
63,290
69,358
61,880
60,953
65,482
66,117
64,698
68,139
61,527
64,155
66,205
67,969
65,666
63,557
61,854
62,515
59,874
64,755
63,531
65,622
64,347
65,250
59,344
67,084
64,782
63,707
64,472
60,634
68,974
61,189
60,602
61,871
65,666
59,765
66,874
60,661
61,808
62,543
60,985
67,037
65,105
60,989
64,768
66,925
61,143
65,965
61,465
57,740
62,702
60,718
62,789
66,000
65,845
65,943
65,414
66,767
57,028
60,742
63,305
62,185
65,336
62,948
59,405
63,334
66,802
58,351
64,951
60,063
66,344
67,270
65,996
66,790
65,544
67,178
58,752
62,157
63,085
65,445
63,171
63,365
62,279
59,514
68,544
62,955
62,355
63,645
68,259
64,173
64,780
63,135
61,075
59,901
63,606
61,949
66,291
62,179
60,444
61,915
66,624
59,061
64,863
64,095
61,110
64,107
63,024
61,278
59,699
65,291
62,869
62,903
62,968
67,945
65,215
66,773
65,754
61,671
62,728
65,167
61,826
64,806
63,998
68,202
65,618
64,640
60,653
60,737
65,393
66,251
61,475
64,494
57,375
62,056
60,472
60,443
69,868
65,830
59,047
68,041
63,352
65,610
59,538
60,955
63,179
62,636
62,077
60,030
59,098
66,172
67,067
63,867
69,034
61,944
